tgDataLogger2 started logging at time 01242019_112421, with 2 sensors on 1 senseable objects.
time,0_rod(strut).X,0_rod(strut).Y,0_rod(strut).Z,0_rod(strut).Euler1,0_rod(strut).Euler2,0_rod(strut).Euler3,0_rod(strut).mass,1_rod(strut).X,1_rod(strut).Y,1_rod(strut).Z,1_rod(strut).Euler1,1_rod(strut).Euler2,1_rod(strut).Euler3,1_rod(strut).mass,
0.1,0.318323,10.8703,-1.16953,-0.850002,0.283106,0.551103,59.6188,0.231858,7.57184,1.14834,-1.56006,-0.752249,-0.804907,60.5276,
0.2,0.318227,9.40256,-1.16947,-0.842578,0.290075,0.546758,59.6188,0.231952,6.09757,1.14829,-1.57623,-0.748289,-0.794539,60.5276,
0.3,-0.027465,8.03392,-1.14884,-0.85274,0.162176,0.493885,59.6188,-0.0756041,4.85401,1.33406,-1.52097,-0.7099,-0.746992,60.5276,
0.4,-1.37557,8.07565,-0.956981,-0.521458,0.315528,0.632756,59.6188,-0.501711,4.6585,1.00446,-1.29624,-0.611119,-0.757503,60.5276,
0.5,-2.72188,7.097,-0.73467,-0.166062,0.410088,0.831421,59.6188,-0.962902,3.71169,0.614,-1.095,-0.491989,-0.741131,60.5276,
0.6,-3.40692,6.56854,-1.48181,-0.353032,0.487901,0.498313,59.6188,-1.419,3.60204,0.384498,-0.940458,-0.57961,-0.902667,60.5276,
0.7,-4.23803,5.83352,-2.30295,-0.154652,0.504659,0.333908,59.6188,-1.58676,3.72359,-0.0769603,-0.639292,-0.719897,-1.17049,60.5276,
0.8,-4.89621,5.59781,-2.83725,-0.0788741,0.530804,0.192488,59.6188,-1.86914,4.08897,-0.598292,-0.398419,-0.689979,-1.24334,60.5276,
0.9,-5.3966,5.40221,-3.07653,-0.0488713,0.601651,0.0563784,59.6188,-2.08864,4.4829,-0.919301,-0.174205,-0.664769,-1.46192,60.5276,
1,-5.77738,5.26317,-3.25699,0.0175276,0.626857,0.00880027,59.6188,-2.31373,4.77526,-1.22678,-0.0236032,-0.607852,-1.5598,60.5276,
1.1,-5.95736,5.24019,-3.29176,0.000469282,0.650733,0.00265723,59.6188,-2.45562,4.71003,-1.33523,-0.0558431,-0.586329,-1.4905,60.5276,
1.2,-5.88535,5.31864,-3.16278,-0.0252592,0.709403,0.0234709,59.6188,-2.32084,4.58526,-1.37333,-0.109613,-0.555851,-1.52558,60.5276,
1.3,-5.69674,5.40597,-3.0583,-0.0575171,0.74879,0.0467997,59.6188,-2.09404,4.49719,-1.45015,-0.156611,-0.498708,-1.48748,60.5276,
1.4,-5.4711,5.51278,-2.86717,-0.0990167,0.805445,0.0833159,59.6188,-1.86255,4.31166,-1.47604,-0.234289,-0.443714,-1.47155,60.5276,
1.5,-5.1159,5.62794,-2.61809,-0.147793,0.869389,0.144004,59.6188,-1.57018,4.03279,-1.4821,-0.340697,-0.383864,-1.44431,60.5276,
1.6,-4.52706,5.71699,-2.33094,-0.228718,0.932458,0.227991,59.6188,-1.19523,3.5823,-1.48813,-0.488545,-0.309197,-1.38741,60.5276,
1.7,-4.00525,5.98627,-2.22011,-0.31693,0.929273,0.256345,59.6188,-0.925254,3.49997,-1.40468,-0.598444,-0.297845,-1.37331,60.5276,
1.8,-3.87253,6.09033,-2.11594,-0.296759,0.952271,0.314028,59.6188,-0.855686,3.49997,-1.38033,-0.631899,-0.29174,-1.36328,60.5276,
1.9,-4.0103,5.9674,-2.22031,-0.31615,0.934638,0.260059,59.6188,-0.919869,3.49997,-1.40527,-0.592358,-0.299242,-1.37495,60.5276,
2,-4.43134,5.71886,-2.34138,-0.239593,0.935179,0.226094,59.6188,-1.1346,3.53088,-1.4805,-0.520736,-0.313289,-1.39733,60.5276,
2.1,-4.58233,5.71028,-2.37378,-0.218368,0.938543,0.212265,59.6188,-1.1934,3.68281,-1.5118,-0.459677,-0.312011,-1.40809,60.5276,
2.2,-4.47909,5.71779,-2.33547,-0.23297,0.945031,0.226512,59.6188,-1.1662,3.53754,-1.51712,-0.520261,-0.2972,-1.39901,60.5276,
2.3,-4.38009,5.72714,-2.32134,-0.285216,0.950366,0.215526,59.6188,-1.11543,3.49998,-1.49864,-0.514803,-0.300101,-1.4051,60.5276,
2.4,-4.3947,5.72263,-2.31083,-0.274895,0.95342,0.219226,59.6188,-1.12241,3.49998,-1.49225,-0.520048,-0.30018,-1.40307,60.5276,
2.5,-4.38719,5.72287,-2.31034,-0.275857,0.950942,0.222677,59.6188,-1.11893,3.49998,-1.48809,-0.518951,-0.299333,-1.40393,60.5276,
2.6,-4.38633,5.72299,-2.30092,-0.272272,0.953881,0.228468,59.6188,-1.11768,3.49998,-1.48328,-0.519293,-0.299402,-1.40377,60.5276,
2.7,-4.38052,5.72305,-2.30062,-0.271377,0.951694,0.231136,59.6188,-1.1147,3.49998,-1.47731,-0.520418,-0.299311,-1.40339,60.5276,
2.8,-4.3776,5.72307,-2.29847,-0.271631,0.954152,0.231445,59.6188,-1.11162,3.49998,-1.47665,-0.522141,-0.299041,-1.40288,60.5276,
2.9,-4.37306,5.72311,-2.2986,-0.271579,0.953102,0.232592,59.6188,-1.10909,3.49998,-1.47256,-0.52367,-0.298807,-1.40242,60.5276,
3,-4.37007,5.72313,-2.29684,-0.271782,0.954789,0.232986,59.6188,-1.10636,3.49998,-1.47108,-0.525366,-0.298532,-1.40192,60.5276,
3.1,-4.36609,5.72315,-2.29678,-0.271919,0.954424,0.233745,59.6188,-1.10392,3.49998,-1.4679,-0.52695,-0.298279,-1.40145,60.5276,
3.2,-4.363,5.72317,-2.29534,-0.272043,0.95556,0.234272,59.6188,-1.10139,3.49998,-1.46591,-0.528586,-0.298011,-1.40097,60.5276,
3.3,-4.35936,5.72318,-2.29504,-0.272226,0.955612,0.234885,59.6188,-1.09899,3.49998,-1.46319,-0.530163,-0.297756,-1.4005,60.5276,
3.4,-4.3562,5.7232,-2.2939,-0.272338,0.956416,0.235452,59.6188,-1.09656,3.49998,-1.46099,-0.531746,-0.297495,-1.40004,60.5276,
3.5,-4.35278,5.72321,-2.29341,-0.27252,0.956697,0.236011,59.6188,-1.09421,3.49998,-1.45853,-0.533294,-0.297242,-1.39958,60.5276,
3.6,-4.34961,5.72322,-2.29248,-0.27264,0.957317,0.236578,59.6188,-1.09186,3.49998,-1.45627,-0.534831,-0.296989,-1.39913,60.5276,
3.7,-4.34634,5.72322,-2.29188,-0.272808,0.957709,0.237116,59.6188,-1.08955,3.49998,-1.45395,-0.536344,-0.296739,-1.39869,60.5276,
3.8,-4.34321,5.72323,-2.29109,-0.272938,0.958235,0.237668,59.6188,-1.08727,3.49998,-1.4517,-0.53784,-0.296492,-1.39825,60.5276,
3.9,-4.34006,5.72323,-2.29045,-0.273095,0.958674,0.238194,59.6188,-1.08501,3.49998,-1.44946,-0.539315,-0.296247,-1.39782,60.5276,
4,-4.33698,5.72323,-2.28974,-0.273232,0.959153,0.238728,59.6188,-1.08279,3.49998,-1.44726,-0.540772,-0.296005,-1.39739,60.5276,
4.1,-4.33392,5.72323,-2.28909,-0.273381,0.959604,0.239243,59.6188,-1.08059,3.49998,-1.44509,-0.54221,-0.295766,-1.39697,60.5276,
