tgDataLogger2 started logging at time 01242019_105146, with 2 sensors on 1 senseable objects.
time,0_rod(strut).X,0_rod(strut).Y,0_rod(strut).Z,0_rod(strut).Euler1,0_rod(strut).Euler2,0_rod(strut).Euler3,0_rod(strut).mass,1_rod(strut).X,1_rod(strut).Y,1_rod(strut).Z,1_rod(strut).Euler1,1_rod(strut).Euler2,1_rod(strut).Euler3,1_rod(strut).mass,
0.1,0.0591758,11.8852,-1.73752,-0.726292,0.493138,0.775442,6.00995,-0.0534488,7.16091,1.70781,-1.68158,-0.451276,-0.755191,6.10156,
0.2,0.0555604,10.5472,-1.8995,-0.354222,0.755459,1.02975,6.00995,-0.0498877,5.55884,1.86735,-2.0069,-0.0349977,-0.671092,6.10156,
0.3,0.0449562,7.30833,-1.22339,-0.547652,0.67326,0.848534,6.00995,-0.0394427,3.88188,1.20139,-1.91324,-0.207045,-0.645781,6.10156,
0.4,-0.0170327,3.28292,-0.431929,-0.646899,0.632549,0.822864,6.00995,-0.226025,2.1882,0.687416,-1.30228,-0.332307,-0.73271,6.10156,
0.5,-0.223053,3.5982,-0.202922,0.0326288,0.957627,1.8694,6.00995,-0.351856,2.13499,0.528733,-1.07176,-0.532434,-0.820925,6.10156,
0.6,-0.215857,3.71577,0.267791,0.512661,0.843723,2.45837,6.00995,-0.365553,2.13499,0.511974,-1.17652,-0.417993,-0.797724,6.10156,
0.7,-0.14837,3.4287,0.711814,0.637096,0.83781,2.42685,6.00995,-0.268686,2.13499,0.618728,-1.47245,-0.101504,-0.772096,6.10156,
0.8,0.0833698,3.37892,1.1598,0.808315,0.716798,2.28627,6.00995,-0.057917,2.13499,0.837234,-1.80978,0.240262,-0.797207,6.10156,
0.9,0.348369,3.44214,1.61543,0.834459,0.635473,2.07108,6.00995,0.150509,2.13498,1.05313,-2.20095,0.547716,-0.950748,6.10156,
1,0.62731,3.43199,1.85991,0.626658,0.616905,1.92723,6.00995,0.271662,2.13499,1.17946,-2.48973,0.690747,-1.11824,6.10156,
1.1,0.905079,3.24613,1.93036,0.273895,0.623882,1.93278,6.00995,0.306451,2.13497,1.21637,-2.57951,0.733209,-1.17186,6.10156,
1.2,1.09269,3.15468,1.91522,-0.0895082,0.715459,1.79774,6.00995,0.31499,2.13499,1.22531,-2.60403,0.740894,-1.18827,6.10156,
1.3,1.16791,3.15241,1.85408,-0.2882,0.742658,1.6653,6.00995,0.315444,2.13499,1.22575,-2.60568,0.741413,-1.18936,6.10156,
1.4,1.16634,3.15238,1.85544,-0.283244,0.742292,1.66865,6.00995,0.315388,2.13499,1.22553,-2.60569,0.741467,-1.18935,6.10156,
1.5,1.10665,3.15325,1.90641,-0.118565,0.72347,1.7792,6.00995,0.31527,2.13499,1.22549,-2.6056,0.741459,-1.18928,6.10156,
1.6,1.02646,3.15442,1.97488,0.0903983,0.678208,1.91462,6.00995,0.315,2.13499,1.22553,-2.6055,0.741454,-1.18921,6.10156,
1.7,0.962294,3.15534,2.02968,0.244762,0.627703,2.00885,6.00995,0.314703,2.13499,1.22558,-2.60539,0.741449,-1.18912,6.10156,
1.8,0.935738,3.1557,2.05235,0.304842,0.603805,2.0437,6.00995,0.314392,2.13499,1.22563,-2.60527,0.741441,-1.18904,6.10156,
1.9,0.949652,3.15545,2.04043,0.272941,0.617027,2.02537,6.00995,0.31407,2.13499,1.22567,-2.60513,0.741426,-1.18893,6.10156,
2,0.991217,3.15479,2.00486,0.175056,0.652903,1.96709,6.00995,0.313732,2.13499,1.2257,-2.60497,0.741402,-1.18881,6.10156,
2.1,1.03917,3.15405,1.96381,0.0559388,0.688076,1.8928,6.00995,0.313425,2.13499,1.22572,-2.60477,0.741366,-1.18867,6.10156,
2.2,1.07297,3.15351,1.93486,-0.0318711,0.7085,1.83616,6.00995,0.31314,2.13499,1.22573,-2.60457,0.741322,-1.18853,6.10156,
2.3,1.08128,3.15336,1.92774,-0.054044,0.713019,1.82165,6.00995,0.312873,2.13499,1.22576,-2.60439,0.741283,-1.1884,6.10156,
2.4,1.06558,3.15355,1.94115,-0.0128815,0.704669,1.8485,6.00995,0.312605,2.13499,1.22579,-2.60423,0.741256,-1.18829,6.10156,
2.5,1.03703,3.15394,1.96555,0.0604773,0.68729,1.89566,6.00995,0.312323,2.13499,1.22582,-2.60409,0.741236,-1.18818,6.10156,
2.6,1.00963,3.1543,1.98897,0.128748,0.668215,1.9386,6.00995,0.312032,2.13499,1.22586,-2.60395,0.741221,-1.18808,6.10156,
2.7,0.993938,3.15449,2.00237,0.166708,0.656398,1.96202,6.00995,0.311732,2.13499,1.22589,-2.60381,0.741203,-1.18797,6.10156,
2.8,0.99379,3.15446,2.00246,0.166715,0.656514,1.96202,6.00995,0.311433,2.13499,1.22592,-2.60366,0.741185,-1.18786,6.10156,
2.9,1.00621,3.15424,1.99179,0.13607,0.666338,1.94315,6.00995,0.311124,2.13499,1.22595,-2.6035,0.741161,-1.18775,6.10156,
3,1.02382,3.15395,1.97665,0.0919515,0.679379,1.91557,6.00995,0.31081,2.13499,1.22596,-2.60331,0.741128,-1.18761,6.10156,
3.1,1.03852,3.1537,1.964,0.0544144,0.689533,1.89177,6.00995,0.310512,2.13499,1.22598,-2.60312,0.741094,-1.18748,6.10156,
3.2,1.04484,3.15357,1.95853,0.0379406,0.693777,1.88123,6.00995,0.310219,2.13499,1.22599,-2.60294,0.741059,-1.18734,6.10156,
3.3,1.04172,3.15358,1.96116,0.0456339,0.691969,1.88615,6.00995,0.309928,2.13499,1.22601,-2.60276,0.741027,-1.18721,6.10156,
3.4,1.03216,3.15369,1.9693,0.0696656,0.685872,1.90146,6.00995,0.309631,2.13499,1.22603,-2.60258,0.740998,-1.18709,6.10156,
3.5,1.02115,3.15381,1.97867,0.0970349,0.678491,1.91876,6.00995,0.309331,2.13499,1.22605,-2.60241,0.740969,-1.18696,6.10156,
3.6,1.01329,3.15388,1.98536,0.116287,0.673055,1.93084,6.00995,0.309032,2.13499,1.22607,-2.60224,0.740943,-1.18684,6.10156,
3.7,1.011,3.15388,1.98728,0.121636,0.671584,1.93418,6.00995,0.308733,2.13499,1.2261,-2.60207,0.740918,-1.18671,6.10156,
3.8,1.01401,3.1538,1.98465,0.113807,0.674007,1.92928,6.00995,0.308429,2.135,1.22611,-2.6019,0.740892,-1.18659,6.10156,
3.9,1.0199,3.15368,1.97952,0.098718,0.678464,1.91981,6.00995,0.308114,2.135,1.22612,-2.60172,0.740871,-1.18645,6.10156,
4,1.02562,3.15357,1.97455,0.0839896,0.682675,1.91052,6.00995,0.307802,2.135,1.22612,-2.60154,0.740854,-1.18632,6.10156,
4.1,1.02879,3.15348,1.97176,0.0756111,0.685057,1.90521,6.00995,0.307487,2.135,1.22613,-2.60138,0.74084,-1.1862,6.10156,
4.2,1.02853,3.15345,1.97191,0.0759243,0.68508,1.9054,6.00995,0.307174,2.135,1.22614,-2.60121,0.740825,-1.18607,6.10156,
4.3,1.0255,3.15346,1.97446,0.0832602,0.683197,1.91005,6.00995,0.306863,2.135,1.22615,-2.60105,0.740811,-1.18595,6.10156,
