tgDataLogger2 started logging at time 01262019_215612, with 6 sensors on 1 senseable objects.
time,0_rod(strut).X,0_rod(strut).Y,0_rod(strut).Z,0_rod(strut).Euler1,0_rod(strut).Euler2,0_rod(strut).Euler3,0_rod(strut).mass,1_rod(strut).X,1_rod(strut).Y,1_rod(strut).Z,1_rod(strut).Euler1,1_rod(strut).Euler2,1_rod(strut).Euler3,1_rod(strut).mass,2_rod(strut).X,2_rod(strut).Y,2_rod(strut).Z,2_rod(strut).Euler1,2_rod(strut).Euler2,2_rod(strut).Euler3,2_rod(strut).mass,3_rod(strut).X,3_rod(strut).Y,3_rod(strut).Z,3_rod(strut).Euler1,3_rod(strut).Euler2,3_rod(strut).Euler3,3_rod(strut).mass,4_rod(strut).X,4_rod(strut).Y,4_rod(strut).Z,4_rod(strut).Euler1,4_rod(strut).Euler2,4_rod(strut).Euler3,4_rod(strut).mass,5_rod(strut).X,5_rod(strut).Y,5_rod(strut).Z,5_rod(strut).Euler1,5_rod(strut).Euler2,5_rod(strut).Euler3,5_rod(strut).mass,
0.1,-2.7718,-1.59963,-0.712981,0.855786,-0.527758,-2.09638,0.199491,4.64058,-1.5999,-1.26875,1.40224,-0.242853,-2.52579,0.199491,2.20877,-1.74896,-1.51479,0.256039,0.176755,-1.49395,0.199491,-0.0962306,1.79985,2.02397,0.632564,0.164962,-1.45101,0.199491,1.07443,1.5999,2.0334,-1.56187,0.52916,0.0176877,0.199645,-0.418138,1.59989,-2.05297,-1.56007,1.41287,0.0108609,0.199491,
0.2,-2.59276,-1.59994,-0.774965,0.847856,-0.535636,-2.09525,0.199491,4.6654,-1.59991,-1.26551,1.36125,-0.301461,-2.52007,0.199491,2.19168,-1.74871,-1.5267,0.256387,0.193336,-1.48968,0.199491,-0.00981311,1.79989,1.88632,0.70472,0.152637,-1.44223,0.199491,1.14981,1.59992,2.03319,-1.5614,0.505764,0.0193955,0.199645,-0.684063,1.59989,-2.1498,-1.55342,1.30754,0.0179976,0.199491,
0.3,-2.57065,-1.59994,-0.791068,0.903955,-0.506151,-2.12285,0.199491,4.68647,-1.59989,-1.27178,1.38886,-0.264629,-2.52863,0.199491,2.2008,-1.749,-1.51883,0.273484,0.199497,-1.48427,0.199491,0.0773116,1.7999,1.95573,0.791803,0.144231,-1.42625,0.199491,1.23161,1.59994,2.06286,-1.55966,0.563011,0.0208589,0.199645,-0.717944,1.59989,-2.1543,-1.55668,1.20886,0.015095,0.199491,
0.4,-2.56137,-1.59994,-0.801956,0.906828,-0.504093,-2.12383,0.199491,4.70161,-1.59992,-1.27884,1.38751,-0.266849,-2.52893,0.199491,2.21013,-1.74929,-1.51143,0.281035,0.200489,-1.48226,0.199491,0.0883747,1.79988,1.95195,0.785088,0.144586,-1.42779,0.199491,1.24314,1.59991,2.05628,-1.56077,0.530825,0.0197989,0.199645,-0.702359,1.59992,-2.15661,-1.55259,1.20655,0.0194768,0.199491,
0.5,-2.55393,-1.59993,-0.810426,0.914559,-0.499388,-2.12713,0.199491,4.71194,-1.59992,-1.28729,1.38826,-0.265652,-2.52884,0.199491,2.21687,-1.74942,-1.511,0.2862,0.20154,-1.48077,0.199491,0.0978507,1.79988,1.94651,0.781754,0.145844,-1.42751,0.199491,1.25681,1.59991,2.05198,-1.56123,0.531094,0.0188857,0.199645,-0.695034,1.59993,-2.15721,-1.55006,1.19805,0.0222633,0.199491,
0.6,-2.55145,-1.59993,-0.815408,0.914339,-0.499001,-2.12661,0.199491,4.71577,-1.59992,-1.28902,1.38832,-0.265489,-2.52872,0.199491,2.21881,-1.74946,-1.50968,0.288511,0.201926,-1.48013,0.199491,0.0998834,1.79988,1.94641,0.778921,0.146397,-1.42778,0.199491,1.26137,1.59991,2.05012,-1.56116,0.531412,0.0190179,0.199645,-0.693471,1.59992,-2.15636,-1.54814,1.19116,0.0243896,0.199491,
0.7,-2.55022,-1.59994,-0.820471,0.906916,-0.502516,-2.12263,0.199491,4.71828,-1.59992,-1.29374,1.38886,-0.264319,-2.52811,0.199491,2.22055,-1.74946,-1.51157,0.290731,0.202429,-1.47948,0.199491,0.104561,1.79988,1.94298,0.774323,0.147795,-1.42774,0.199491,1.26971,1.59992,2.04676,-1.56133,0.537423,0.0184757,0.199645,-0.691422,1.59994,-2.15563,-1.54625,1.18684,0.0264725,0.199491,
0.8,-2.54958,-1.59994,-0.824581,0.906359,-0.502305,-2.12195,0.199491,4.71999,-1.59992,-1.29399,1.38855,-0.264642,-2.52785,0.199491,2.22111,-1.74946,-1.51095,0.291971,0.202686,-1.47913,0.199491,0.104333,1.79989,1.94371,0.772307,0.148134,-1.42799,0.199491,1.2719,1.59992,2.04551,-1.56112,0.538114,0.0188714,0.199645,-0.691775,1.59994,-2.15445,-1.5447,1.18128,0.028205,0.199491,
0.9,-2.55004,-1.59994,-0.827529,0.906039,-0.501967,-2.12138,0.199491,4.72025,-1.59992,-1.29359,1.38861,-0.264407,-2.52759,0.199491,2.22083,-1.74944,-1.51037,0.292921,0.202812,-1.47888,0.199491,0.104147,1.79989,1.94483,0.770248,0.148551,-1.42818,0.199491,1.27412,1.59993,2.04445,-1.56087,0.540625,0.019287,0.199645,-0.692627,1.59993,-2.15302,-1.54316,1.17685,0.0299275,0.199491,
1,-2.55075,-1.59994,-0.830186,0.905908,-0.501526,-2.1209,0.199491,4.7202,-1.59992,-1.29313,1.38883,-0.263912,-2.52733,0.199491,2.22041,-1.74942,-1.51008,0.29367,0.202946,-1.47867,0.199491,0.103941,1.79989,1.94664,0.771131,0.148582,-1.42791,0.199491,1.27631,1.59993,2.04341,-1.56061,0.5432,0.0197057,0.199645,-0.693959,1.59993,-2.15164,-1.54183,1.17082,0.0314466,0.199491,
1.1,-2.55141,-1.59994,-0.832951,0.905418,-0.501279,-2.12025,0.199491,4.72024,-1.59992,-1.29268,1.38872,-0.263898,-2.527,0.199491,2.22002,-1.74939,-1.50966,0.294525,0.203064,-1.47845,0.199491,0.103432,1.7999,1.94723,0.768899,0.149032,-1.42812,0.199491,1.27849,1.59993,2.04247,-1.56032,0.546664,0.020138,0.199645,-0.69486,1.59992,-2.15009,-1.54028,1.16772,0.033171,0.199491,
1.2,-2.55215,-1.59994,-0.83559,0.904874,-0.501061,-2.11958,0.199491,4.72024,-1.59992,-1.29221,1.38867,-0.263785,-2.52668,0.199491,2.21964,-1.74937,-1.5094,0.295207,0.203206,-1.47825,0.199491,0.102928,1.7999,1.94828,0.767122,0.149452,-1.42823,0.199491,1.28067,1.59994,2.04174,-1.55999,0.552099,0.020595,0.199645,-0.69654,1.59991,-2.14871,-1.53915,1.16086,0.0344977,0.199491,
1.3,-2.5522,-1.59994,-0.838873,0.905022,-0.500472,-2.11923,0.199491,4.72114,-1.59992,-1.29155,1.38824,-0.264277,-2.52641,0.199491,2.21977,-1.74936,-1.50799,0.297128,0.203243,-1.4778,0.199491,0.102406,1.7999,1.94561,0.763555,0.150032,-1.42869,0.199491,1.2842,1.59994,2.04145,-1.55971,0.55191,0.0211419,0.199645,-0.693767,1.59993,-2.14627,-1.53563,1.17716,0.0380742,0.199491,
1.4,-2.55201,-1.59994,-0.842326,0.90584,-0.499529,-2.11921,0.199491,4.72217,-1.59992,-1.29173,1.38731,-0.265416,-2.52591,0.199491,2.22002,-1.74935,-1.50778,0.298238,0.203439,-1.47749,0.199491,0.101983,1.7999,1.94513,0.760505,0.150481,-1.42913,0.199491,1.28652,1.59994,2.04029,-1.55948,0.553048,0.0215374,0.199645,-0.693233,1.59993,-2.14491,-1.5338,1.17647,0.0400685,0.199491,
1.5,-2.55179,-1.59994,-0.845186,0.911754,-0.495846,-2.12163,0.199491,4.72354,-1.59992,-1.29135,1.38847,-0.263715,-2.52603,0.199491,2.22093,-1.74931,-1.50889,0.300131,0.203729,-1.47698,0.199491,0.10556,1.7999,1.94594,0.762371,0.150692,-1.42841,0.199491,1.29492,1.59994,2.04369,-1.55878,0.559007,0.0226467,0.199645,-0.69229,1.59993,-2.14393,-1.53226,1.17309,0.0417939,0.199491,
1.6,-2.55,-1.59994,-0.849787,0.915866,-0.493124,-2.12317,0.199491,4.72626,-1.59992,-1.29131,1.38852,-0.26361,-2.52598,0.199491,2.22255,-1.74929,-1.50947,0.302214,0.204082,-1.4764,0.199491,0.10941,1.79989,1.94701,0.762493,0.1507,-1.42837,0.199491,1.30109,1.59993,2.04418,-1.55856,0.546887,0.0235203,0.199645,-0.689041,1.59993,-2.14344,-1.53054,1.1707,0.0437053,0.199491,
1.7,-2.55043,-1.59993,-0.852569,0.916981,-0.492028,-2.12329,0.199491,4.72571,-1.59992,-1.29136,1.38838,-0.263535,-2.52547,0.199491,2.22217,-1.74924,-1.51065,0.302477,0.204284,-1.47628,0.199491,0.109873,1.79989,1.94982,0.76093,0.150853,-1.42866,0.199491,1.30267,1.59993,2.04257,-1.55842,0.543995,0.0239123,0.199645,-0.689476,1.59992,-2.14221,-1.52919,1.16699,0.0452438,0.199491,
1.8,-2.55176,-1.59993,-0.854544,0.917127,-0.491461,-2.12295,0.199491,4.72456,-1.59992,-1.29108,1.38787,-0.263954,-2.52484,0.199491,2.22138,-1.74918,-1.51221,0.302308,0.204475,-1.47628,0.199491,0.108852,1.7999,1.9514,0.759328,0.151193,-1.42881,0.199491,1.30421,1.59994,2.04192,-1.558,0.550645,0.0244448,0.199645,-0.69199,1.59992,-2.1409,-1.52846,1.15915,0.0461949,0.199491,
1.9,-2.55263,-1.59993,-0.856966,0.917415,-0.490822,-2.12269,0.199491,4.72419,-1.59992,-1.29099,1.38631,-0.265849,-2.52405,0.199491,2.22088,-1.74914,-1.51283,0.303093,0.204563,-1.47608,0.199491,0.106721,1.7999,1.94872,0.755067,0.151812,-1.42943,0.199491,1.30586,1.59994,2.04083,-1.55771,0.552808,0.0249039,0.199645,-0.690535,1.59993,-2.1384,-1.52494,1.173,0.0497319,0.199491,
2,-2.55378,-1.59993,-0.859146,0.917282,-0.490418,-2.12222,0.199491,4.72368,-1.59992,-1.29085,1.38529,-0.267004,-2.52337,0.199491,2.22039,-1.74909,-1.51403,0.303301,0.20474,-1.47599,0.199491,0.104684,1.79991,1.94788,0.751934,0.152368,-1.4298,0.199491,1.30768,1.59994,2.0406,-1.55718,0.56349,0.0254832,0.199645,-0.692044,1.59993,-2.1368,-1.52345,1.17122,0.0513837,0.199491,
2.1,-2.55407,-1.59994,-0.862724,0.912555,-0.492505,-2.1196,0.199491,4.7214,-1.59992,-1.28864,1.38636,-0.265328,-2.52328,0.199491,2.21922,-1.749,-1.51572,0.303762,0.204784,-1.47588,0.199491,0.101325,1.79991,1.94332,0.756542,0.151396,-1.4294,0.199491,1.31243,1.59995,2.04817,-1.55188,0.598304,0.0335709,0.199645,-0.69257,1.59993,-2.13804,-1.52517,1.14412,0.0501063,0.199491,
2.2,-2.55034,-1.59994,-0.869691,0.91246,-0.492094,-2.11917,0.199491,4.71756,-1.59992,-1.28457,1.38598,-0.265698,-2.52292,0.199491,2.21688,-1.74887,-1.51866,0.303721,0.204721,-1.47594,0.199491,0.102943,1.79991,1.94953,0.755456,0.151049,-1.43002,0.199491,1.31292,1.59995,2.04652,-1.55179,0.593996,0.0339438,0.199645,-0.691468,1.59992,-2.13704,-1.52359,1.14328,0.051865,0.199491,
2.3,-2.55186,-1.59994,-0.871463,0.912565,-0.491571,-2.11884,0.199491,4.71644,-1.59992,-1.28208,1.38503,-0.266885,-2.52251,0.199491,2.21578,-1.74881,-1.51881,0.303559,0.204755,-1.47598,0.199491,0.101536,1.79991,1.95223,0.75379,0.15123,-1.43032,0.199491,1.31302,1.59995,2.04554,-1.55145,0.595227,0.0344849,0.199645,-0.694039,1.59992,-2.13554,-1.52277,1.13791,0.0528916,0.199491,
2.4,-2.55381,-1.59994,-0.872745,0.912933,-0.49091,-2.11863,0.199491,4.71565,-1.59991,-1.27979,1.38409,-0.268078,-2.52212,0.199491,2.21487,-1.74875,-1.5189,0.303445,0.204817,-1.476,0.199491,0.0999716,1.79991,1.95381,0.75223,0.151568,-1.43045,0.199491,1.31385,1.59995,2.04471,-1.55104,0.599124,0.0350212,0.199645,-0.697099,1.59991,-2.13389,-1.52201,1.13261,0.0538629,0.199491,
2.5,-2.55521,-1.59994,-0.874579,0.913207,-0.490304,-2.11837,0.199491,4.71544,-1.59991,-1.27785,1.38298,-0.269507,-2.52171,0.199491,2.2143,-1.74872,-1.51803,0.304391,0.204769,-1.4758,0.199491,0.0975427,1.79991,1.95087,0.746996,0.152221,-1.43131,0.199491,1.31503,1.59995,2.04312,-1.55095,0.595796,0.0353562,0.199645,-0.694971,1.59992,-2.13064,-1.51703,1.15663,0.0587126,0.199491,
2.6,-2.55575,-1.59994,-0.877338,0.913026,-0.489955,-2.11792,0.199491,4.71581,-1.59991,-1.27634,1.38144,-0.271536,-2.52121,0.199491,2.21405,-1.74868,-1.51763,0.305006,0.204829,-1.47565,0.199491,0.0953303,1.79991,1.94988,0.743021,0.152608,-1.43206,0.199491,1.31569,1.59995,2.04197,-1.5507,0.595441,0.035817,0.199645,-0.69495,1.59992,-2.12908,-1.51505,1.15871,0.0608208,0.199491,
2.7,-2.55711,-1.59994,-0.879148,0.913514,-0.48925,-2.11778,0.199491,4.71561,-1.59991,-1.27445,1.38037,-0.272915,-2.5208,0.199491,2.21355,-1.74863,-1.51761,0.305256,0.204896,-1.47558,0.199491,0.0940245,1.79991,1.95049,0.74096,0.152956,-1.43231,0.199491,1.31684,1.59995,2.04104,-1.55035,0.597819,0.0363025,0.199645,-0.696626,1.59992,-2.12762,-1.5138,1.15641,0.0622495,0.199491,
2.8,-2.55834,-1.59994,-0.881066,0.914075,-0.488511,-2.11768,0.199491,4.71492,-1.59991,-1.27416,1.37995,-0.273216,-2.52026,0.199491,2.21306,-1.74858,-1.51869,0.305261,0.205046,-1.47554,0.199491,0.0931999,1.79991,1.951,0.739108,0.153338,-1.43248,0.199491,1.31853,1.59995,2.04006,-1.55003,0.600357,0.0367455,0.199645,-0.698289,1.59992,-2.12626,-1.51272,1.15317,0.063521,0.199491,
2.9,-2.55949,-1.59993,-0.883068,0.914525,-0.487834,-2.11752,0.199491,4.71404,-1.59991,-1.27396,1.37957,-0.273452,-2.51969,0.199491,2.21251,-1.74853,-1.52008,0.30519,0.205209,-1.47552,0.199491,0.0924834,1.79991,1.95171,0.737514,0.153676,-1.43262,0.199491,1.32022,1.59994,2.03909,-1.5497,0.60289,0.0371892,0.199645,-0.700043,1.59993,-2.12499,-1.51182,1.14899,0.0646257,0.199491,
3,-2.56103,-1.59993,-0.885403,0.909576,-0.490053,-2.11484,0.199491,4.71312,-1.59991,-1.27375,1.37916,-0.273723,-2.5191,0.199491,2.21193,-1.74847,-1.52153,0.305069,0.205375,-1.47551,0.199491,0.0918036,1.79991,1.95251,0.736199,0.153978,-1.43272,0.199491,1.32189,1.59994,2.03811,-1.54938,0.605256,0.0376311,0.199645,-0.701921,1.59993,-2.12378,-1.51108,1.14402,0.0655812,0.199491,
3.1,-2.56184,-1.59993,-0.887486,0.911783,-0.488444,-2.11552,0.199491,4.71211,-1.59991,-1.27366,1.37887,-0.273805,-2.51851,0.199491,2.21135,-1.74841,-1.52321,0.304889,0.20556,-1.47551,0.199491,0.0917213,1.7999,1.95417,0.735193,0.154216,-1.43278,0.199491,1.3235,1.59994,2.03698,-1.54912,0.60601,0.0380371,0.199645,-0.70381,1.59992,-2.1227,-1.51059,1.13769,0.066311,0.199491,
3.2,-2.56277,-1.59993,-0.88945,0.913611,-0.487038,-2.11602,0.199491,4.7116,-1.59991,-1.27289,1.37883,-0.273657,-2.51814,0.199491,2.21103,-1.74836,-1.52417,0.3053,0.205689,-1.47538,0.199491,0.0911728,1.7999,1.95459,0.734452,0.154377,-1.43284,0.199491,1.32619,1.59994,2.03705,-1.54864,0.609569,0.0386883,0.199645,-0.704085,1.59994,-2.12096,-1.50836,1.14196,0.0686296,0.199491,
3.3,-2.48476,-1.59992,-0.915188,0.992763,-0.441299,-2.15049,0.199491,4.72255,-1.59991,-1.28217,1.4236,-0.211637,-2.52702,0.199491,2.23231,-1.74822,-1.5449,0.328203,0.20805,-1.46925,0.199491,0.135785,2.13315,2.03773,0.734469,0.154539,-1.433,0.199491,1.43524,1.59991,2.03272,-1.54159,0.434762,0.0692479,0.199645,-0.638345,1.59994,-2.15643,-1.50632,1.10994,0.0719555,0.199491,
3.4,-2.40945,-1.59991,-0.929249,1.05364,-0.400853,-2.17209,0.199491,4.74482,-1.59989,-1.28008,1.45888,-0.162467,-2.53446,0.199491,2.25692,-1.74828,-1.54665,0.349112,0.210026,-1.46349,0.199491,0.224031,2.59053,2.13775,0.734463,0.154498,-1.43296,0.199491,1.53339,1.59995,2.04373,-1.5341,0.523805,0.0732573,0.199645,-0.585777,1.59991,-2.16419,-1.50064,1.12837,0.0775963,0.199491,
3.5,-2.39193,-1.59991,-0.969327,1.17407,-0.322086,-2.21788,0.199491,4.76318,-1.59984,-1.27952,1.47709,-0.136605,-2.53757,0.199491,2.27562,-1.74833,-1.54639,0.358554,0.212123,-1.46039,0.199491,0.311334,2.96315,2.20663,0.734453,0.154434,-1.43293,0.199491,1.57815,1.59994,2.03687,-1.53858,0.486952,0.0687598,0.199645,-0.560042,1.59991,-2.1669,-1.49925,1.12537,0.0792451,0.199491,
3.6,-2.2574,-1.59989,-1.04191,1.25737,-0.268191,-2.25619,0.199491,4.79133,-1.59985,-1.30969,1.50785,-0.091371,-2.53726,0.199491,2.32623,-1.74897,-1.55422,0.366079,0.220605,-1.45522,0.199491,0.398676,3.45655,2.27927,0.734444,0.154374,-1.43286,0.199491,1.71467,1.59994,2.03321,-1.5456,0.448356,0.0580711,0.199645,-0.540741,1.59992,-2.17963,-1.50026,1.09115,0.0794657,0.199491,
3.7,-2.12172,-1.59984,-1.11663,1.34057,-0.204821,-2.28556,0.199491,4.77057,-1.59983,-1.30224,1.53111,-0.0572038,-2.53495,0.199491,2.3657,-1.74963,-1.54549,0.349152,0.229008,-1.45651,0.199491,0.445958,4.65806,2.37254,0.734421,0.15423,-1.43289,0.199491,1.82699,1.59995,2.16377,-1.5442,0.342179,0.0791206,0.199645,-0.553732,1.59993,-2.1827,-1.5067,1.04612,0.0740166,0.199491,
3.8,-2.02878,-1.59984,-1.17456,1.37616,-0.175907,-2.29686,0.199491,4.72635,-1.59979,-1.22858,1.54017,-0.0445219,-2.53945,0.199491,2.36108,-1.74923,-1.52792,0.353187,0.226455,-1.45643,0.199491,0.450391,5.50169,2.37104,0.734408,0.154144,-1.43296,0.199491,1.87312,1.59997,2.28989,-1.54787,0.197484,0.116343,0.199645,-0.621174,1.59993,-2.15939,-1.50386,0.999258,0.0795266,0.199491,
3.9,-2.03596,-1.59982,-1.161,1.37755,-0.174011,-2.29521,0.199491,4.62085,-1.59976,-1.1106,1.53447,-0.0533378,-2.54396,0.199491,2.31702,-1.74864,-1.48597,0.323792,0.219136,-1.46661,0.199491,0.336767,6.19322,2.32667,0.734407,0.154144,-1.43303,0.199491,1.82343,1.59998,2.41732,-1.5517,0.130899,0.145269,0.199645,-0.757928,1.59994,-2.03563,-1.48295,0.908704,0.111192,0.199491,
4,-2.03029,-1.59981,-1.15961,1.37372,-0.176901,-2.29331,0.199491,4.56458,-1.59974,-0.893038,1.48923,-0.126886,-2.56837,0.199491,2.28,-1.74852,-1.35016,0.327712,0.199751,-1.47205,0.199491,0.149008,6.64683,2.27292,0.734417,0.154217,-1.43305,0.199491,1.7411,1.59999,2.53154,-1.55639,0.0714604,0.199177,0.199645,-0.839771,1.73078,-1.97406,-1.44425,0.879621,0.129788,0.199491,
4.1,-2.26867,-1.59981,-1.18193,1.085,-0.413215,-2.221,0.199491,4.56014,-1.59988,-0.826993,1.38263,-0.292638,-2.55819,0.199491,2.26155,-1.74812,-1.33465,0.226841,0.205888,-1.49319,0.199491,-0.344093,2.22982,2.30635,0.412969,0.134681,-1.45978,0.199491,1.66455,1.5998,2.45536,-1.48297,0.358047,0.246142,0.199645,-0.820787,1.59979,-1.89664,-1.37443,1.14278,0.215267,0.199491,
4.2,-2.33244,-1.59991,-0.872163,0.740541,-0.612595,-2.05471,0.199491,4.51731,-1.5999,-0.739631,1.48108,-0.144635,-2.58367,0.199491,2.26938,-1.74946,-1.21665,0.232407,0.195269,-1.49413,0.199491,-0.228634,1.79987,2.38921,0.480768,0.110089,-1.51356,0.199491,1.46961,1.59991,2.43685,-1.4908,0.333861,0.23991,0.199645,-0.697592,1.5999,-1.86469,-1.43667,1.07188,0.152472,0.199491,
4.3,-2.39199,-1.59992,-0.811498,0.679061,-0.637357,-2.01855,0.199491,4.46656,-1.59993,-0.659346,1.45839,-0.183053,-2.58657,0.199491,2.22579,-1.7496,-1.14436,0.220439,0.184084,-1.49908,0.199491,-0.250951,1.79987,2.42309,0.546097,0.0988661,-1.51088,0.199491,1.31838,1.59991,2.4379,-1.45371,0.472489,0.252908,0.199645,-0.679759,1.5999,-1.85224,-1.42581,1.11109,0.161505,0.199491,
4.4,-2.4069,-1.59993,-0.800382,0.687375,-0.6337,-2.02327,0.199491,4.4659,-1.5999,-0.663217,1.43168,-0.224647,-2.58045,0.199491,2.22085,-1.7498,-1.13232,0.216352,0.182982,-1.50009,0.199491,-0.260141,1.79988,2.39897,0.558858,0.0974498,-1.51003,0.199491,1.2705,1.59991,2.42574,-1.44608,0.499527,0.255974,0.199645,-0.677183,1.5999,-1.84891,-1.41831,1.12653,0.168578,0.199491,
4.5,-2.41494,-1.59993,-0.801355,0.663869,-0.642317,-2.00906,0.199491,4.47543,-1.59975,-0.611686,1.41292,-0.258649,-2.5848,0.199491,2.2172,-1.74958,-1.10291,0.223677,0.180238,-1.4993,0.199491,-0.260245,1.79991,2.39418,0.576059,0.0962935,-1.50844,0.199491,1.2567,1.59994,2.42592,-1.42539,0.567392,0.266023,0.199645,-0.674336,1.5999,-1.84652,-1.41853,1.12281,0.168631,0.199491,
4.6,-2.41686,-1.59992,-0.797607,0.719069,-0.620201,-2.04146,0.199491,4.51496,-1.59989,-0.608286,1.40166,-0.279081,-2.58671,0.199491,2.23486,-1.75041,-1.06368,0.236135,0.180683,-1.49659,0.199491,-0.252914,1.79989,2.38856,0.574475,0.0974881,-1.50789,0.199491,1.26285,1.59993,2.42492,-1.43226,0.547371,0.26176,0.199645,-0.672909,1.59989,-1.85074,-1.40617,1.13991,0.180843,0.199491,
4.7,-2.40956,-1.59995,-0.810899,0.715744,-0.620827,-2.0391,0.199491,4.52916,-1.59988,-0.610522,1.39593,-0.288432,-2.58582,0.199491,2.23934,-1.75055,-1.05518,0.24894,0.17994,-1.49421,0.199491,-0.237239,1.79989,2.38113,0.582492,0.0958316,-1.50786,0.199491,1.26796,1.59992,2.42729,-1.42777,0.563081,0.263505,0.199645,-0.651485,1.59989,-1.86483,-1.37549,1.17979,0.210799,0.199491,
4.8,-2.40093,-1.59995,-0.820286,0.732439,-0.61366,-2.04865,0.199491,4.54185,-1.59985,-0.61303,1.38934,-0.298952,-2.58447,0.199491,2.2425,-1.75062,-1.04991,0.257663,0.179342,-1.49262,0.199491,-0.224218,1.79988,2.36952,0.585746,0.0954221,-1.50768,0.199491,1.27138,1.59991,2.42737,-1.42545,0.571809,0.264163,0.199645,-0.63625,1.59989,-1.86971,-1.38252,1.15928,0.204971,0.199491,
4.9,-2.39946,-1.59993,-0.82295,0.75107,-0.605415,-2.05918,0.199491,4.55039,-1.59985,-0.613169,1.38846,-0.30047,-2.58445,0.199491,2.24442,-1.75062,-1.04655,0.262635,0.178905,-1.49175,0.199491,-0.219339,1.79989,2.36556,0.584335,0.0959077,-1.50756,0.199491,1.27804,1.59993,2.4254,-1.43397,0.546387,0.259021,0.199645,-0.630833,1.5999,-1.86694,-1.36922,1.17883,0.217617,0.199491,
5,-2.40057,-1.59995,-0.827543,0.744087,-0.607962,-2.05491,0.199491,4.55594,-1.59991,-0.611366,1.39185,-0.295248,-2.58546,0.199491,2.24701,-1.75054,-1.04818,0.264834,0.178942,-1.49132,0.199491,-0.215584,1.7999,2.36778,0.5847,0.0959022,-1.50751,0.199491,1.2846,1.59994,2.42715,-1.43254,0.552521,0.259156,0.199645,-0.629274,1.5999,-1.86625,-1.37338,1.16771,0.214117,0.199491,
5.1,-2.40044,-1.59994,-0.831353,0.752652,-0.60369,-2.05946,0.199491,4.56125,-1.59991,-0.610507,1.3901,-0.297968,-2.58499,0.199491,2.24807,-1.75047,-1.0486,0.267159,0.178642,-1.49095,0.199491,-0.21297,1.79989,2.36573,0.581486,0.0963446,-1.50766,0.199491,1.28906,1.59992,2.42589,-1.43597,0.54287,0.256791,0.199645,-0.628476,1.59989,-1.86489,-1.37421,1.16253,0.213676,0.199491,
5.2,-2.40221,-1.59995,-0.832505,0.755547,-0.602158,-2.06095,0.199491,4.56659,-1.59991,-0.609183,1.39085,-0.296831,-2.58523,0.199491,2.24947,-1.7504,-1.04827,0.269224,0.178417,-1.49061,0.199491,-0.210231,1.79989,2.36848,0.581597,0.0966894,-1.50743,0.199491,1.29466,1.59992,2.42737,-1.4344,0.549409,0.257019,0.199645,-0.629631,1.59988,-1.86318,-1.37591,1.15609,0.212422,0.199491,
5.3,-2.40287,-1.59995,-0.833878,0.763891,-0.598237,-2.06552,0.199491,4.57022,-1.59991,-0.607837,1.38835,-0.300619,-2.58443,0.199491,2.2492,-1.75033,-1.04733,0.271882,0.177797,-1.49027,0.199491,-0.207268,1.79991,2.3625,0.582231,0.0971731,-1.50703,0.199491,1.29347,1.59994,2.42703,-1.42955,0.56635,0.259059,0.199645,-0.625267,1.5999,-1.86083,-1.36776,1.16678,0.220262,0.199491,
5.4,-2.40297,-1.59994,-0.835907,0.771121,-0.59478,-2.06945,0.199491,4.57478,-1.59991,-0.606725,1.38709,-0.302544,-2.58404,0.199491,2.24966,-1.75027,-1.04642,0.274407,0.177321,-1.48991,0.199491,-0.205823,1.7999,2.35999,0.581986,0.0973903,-1.50692,0.199491,1.29453,1.59993,2.42682,-1.42627,0.578105,0.260295,0.199645,-0.622979,1.59989,-1.85885,-1.36415,1.1694,0.223917,0.199491,
5.5,-2.40371,-1.59994,-0.837784,0.776064,-0.592331,-2.07208,0.199491,4.5789,-1.59991,-0.605743,1.38465,-0.30625,-2.58328,0.199491,2.24977,-1.75021,-1.04591,0.276761,0.176799,-1.4896,0.199491,-0.204185,1.79988,2.35542,0.582326,0.097773,-1.50661,0.199491,1.29446,1.59991,2.42642,-1.42066,0.596876,0.262907,0.199645,-0.620873,1.5999,-1.85774,-1.36581,1.16297,0.222725,0.199491,
5.6,-2.40536,-1.59995,-0.84096,0.76868,-0.595446,-2.06781,0.199491,4.58423,-1.59991,-0.604815,1.38488,-0.305925,-2.58337,0.199491,2.25118,-1.75015,-1.04574,0.278829,0.176559,-1.48927,0.199491,-0.203185,1.79991,2.35726,0.57885,0.0981378,-1.50687,0.199491,1.30062,1.59994,2.42446,-1.42863,0.573387,0.257973,0.199645,-0.621297,1.5999,-1.85577,-1.36458,1.16184,0.224161,0.199491,
5.7,-2.40594,-1.59994,-0.842574,0.778711,-0.590589,-2.07322,0.199491,4.5892,-1.59991,-0.603558,1.38606,-0.304098,-2.58371,0.199491,2.25273,-1.75008,-1.04575,0.280609,0.176379,-1.48898,0.199491,-0.200971,1.79991,2.36101,0.577186,0.0985565,-1.50683,0.199491,1.30645,1.59994,2.42557,-1.42873,0.574488,0.25737,0.199645,-0.622625,1.5999,-1.85399,-1.36515,1.15768,0.223936,0.199491,
5.8,-2.40784,-1.59995,-0.844264,0.778108,-0.590549,-2.07269,0.199491,4.5931,-1.59991,-0.602226,1.38541,-0.305048,-2.58345,0.199491,2.25349,-1.75,-1.04616,0.281915,0.176103,-1.48882,0.199491,-0.200514,1.7999,2.36077,0.574901,0.0990815,-1.50681,0.199491,1.31029,1.59993,2.42413,-1.43352,0.560435,0.254269,0.199645,-0.624032,1.5999,-1.85237,-1.36666,1.15188,0.222849,0.199491,
5.9,-2.40983,-1.59995,-0.844789,0.781435,-0.588813,-2.0744,0.199491,4.59542,-1.59991,-0.600419,1.38383,-0.30736,-2.58284,0.199491,2.25316,-1.74991,-1.04632,0.282879,0.175644,-1.48878,0.199491,-0.199531,1.79991,2.35892,0.577437,0.099428,-1.50623,0.199491,1.30875,1.59994,2.4258,-1.42278,0.595933,0.259647,0.199645,-0.624931,1.59989,-1.85124,-1.37028,1.1421,0.219851,0.199491,
6,-2.41158,-1.59995,-0.845951,0.781725,-0.588473,-2.07443,0.199491,4.59735,-1.5999,-0.598704,1.38125,-0.311189,-2.5819,0.199491,2.25253,-1.74982,-1.04684,0.283807,0.175142,-1.48876,0.199491,-0.199726,1.79988,2.3542,0.577706,0.0998232,-1.50593,0.199491,1.30703,1.59991,2.42554,-1.41549,0.619469,0.263393,0.199645,-0.625247,1.59989,-1.85006,-1.37269,1.13434,0.217983,0.199491,
6.1,-2.4109,-1.59995,-0.847908,0.793491,-0.582841,-2.08082,0.199491,4.60188,-1.5999,-0.597595,1.3818,-0.310338,-2.58204,0.199491,2.25388,-1.74975,-1.04694,0.285861,0.174872,-1.48844,0.199491,-0.197902,1.79989,2.35488,0.574336,0.0999716,-1.50631,0.199491,1.31266,1.59992,2.42284,-1.4259,0.588479,0.257056,0.199645,-0.623806,1.59989,-1.84764,-1.36644,1.14259,0.223992,0.199491,
6.2,-2.41177,-1.59994,-0.848815,0.801464,-0.578894,-2.08506,0.199491,4.60655,-1.59991,-0.596401,1.3829,-0.308632,-2.58234,0.199491,2.25538,-1.74969,-1.04677,0.287557,0.174683,-1.48818,0.199491,-0.194772,1.79989,2.35799,0.574786,0.100259,-1.50607,0.199491,1.31776,1.59993,2.42457,-1.42364,0.596872,0.257843,0.199645,-0.624835,1.59989,-1.84655,-1.36996,1.13303,0.221102,0.199491,
6.3,-2.41214,-1.59993,-0.850115,0.811402,-0.573965,-2.09035,0.199491,4.61057,-1.59991,-0.595232,1.38267,-0.308941,-2.5822,0.199491,2.25624,-1.74963,-1.04644,0.28938,0.174351,-1.48793,0.199491,-0.19275,1.7999,2.35724,0.574927,0.100638,-1.50581,0.199491,1.32045,1.59993,2.42426,-1.42409,0.596696,0.25715,0.199645,-0.623521,1.59989,-1.84337,-1.35929,1.14908,0.23113,0.199491,
6.4,-2.41342,-1.59993,-0.852202,0.813328,-0.572851,-2.09127,0.199491,4.61409,-1.5999,-0.594445,1.37948,-0.313735,-2.58115,0.199491,2.25623,-1.74957,-1.04594,0.291948,0.173764,-1.4876,0.199491,-0.191142,1.79991,2.34987,0.572639,0.100862,-1.50599,0.199491,1.31944,1.59994,2.42328,-1.42167,0.605412,0.25811,0.199645,-0.617631,1.59988,-1.84185,-1.35408,1.15445,0.236243,0.199491,
6.5,-2.41511,-1.59994,-0.855407,0.807213,-0.5756,-2.08783,0.199491,4.61817,-1.5999,-0.593581,1.37836,-0.315393,-2.58076,0.199491,2.25701,-1.74951,-1.04577,0.293749,0.17341,-1.48737,0.199491,-0.190085,1.79991,2.34873,0.572768,0.100913,-1.50594,0.199491,1.32163,1.59994,2.4227,-1.42253,0.603806,0.257228,0.199645,-0.616659,1.59989,-1.8407,-1.35553,1.14894,0.235232,0.199491,
6.6,-2.41695,-1.59994,-0.857363,0.809729,-0.574213,-2.08907,0.199491,4.62106,-1.5999,-0.592414,1.37624,-0.31852,-2.58,0.199491,2.2571,-1.74943,-1.046,0.295052,0.172982,-1.48725,0.199491,-0.189626,1.79989,2.34511,0.57374,0.101222,-1.5056,0.199491,1.32083,1.59992,2.4242,-1.4121,0.63673,0.262934,0.199645,-0.616308,1.5999,-1.83991,-1.35929,1.1394,0.232115,0.199491,
6.7,-2.41852,-1.59994,-0.859435,0.813122,-0.572406,-2.0908,0.199491,4.62392,-1.59989,-0.591152,1.37487,-0.320519,-2.57948,0.199491,2.25745,-1.74936,-1.04656,0.296117,0.172632,-1.48716,0.199491,-0.189477,1.79989,2.34314,0.574094,0.101566,-1.50533,0.199491,1.32205,1.59992,2.4225,-1.41308,0.634733,0.262044,0.199645,-0.616402,1.5999,-1.83838,-1.35888,1.13715,0.232793,0.199491,
6.8,-2.41966,-1.59993,-0.861602,0.818231,-0.569763,-2.09344,0.199491,4.62767,-1.5999,-0.589751,1.37634,-0.318256,-2.57986,0.199491,2.25874,-1.74929,-1.0466,0.297323,0.172438,-1.487,0.199491,-0.187691,1.79991,2.34876,0.571707,0.101516,-1.5057,0.199491,1.3271,1.59994,2.42167,-1.41821,0.62015,0.258684,0.199645,-0.617365,1.5999,-1.83716,-1.36087,1.1307,0.231294,0.199491,
6.9,-2.42166,-1.59993,-0.863161,0.821584,-0.567948,-2.09512,0.199491,4.63032,-1.5999,-0.58819,1.37608,-0.31856,-2.57966,0.199491,2.25934,-1.74921,-1.04725,0.297795,0.172202,-1.48699,0.199491,-0.187229,1.79991,2.35048,0.570173,0.101875,-1.50569,0.199491,1.32957,1.59994,2.42066,-1.4207,0.613472,0.256884,0.199645,-0.61939,1.5999,-1.83571,-1.36211,1.12564,0.230463,0.199491,
7,-2.42376,-1.59993,-0.864461,0.825856,-0.565671,-2.09729,0.199491,4.63251,-1.5999,-0.586452,1.3757,-0.319023,-2.5794,0.199491,2.2597,-1.74913,-1.04785,0.298239,0.171924,-1.48701,0.199491,-0.187094,1.79991,2.35186,0.569308,0.102119,-1.50566,0.199491,1.33103,1.59994,2.42072,-1.4188,0.620375,0.257625,0.199645,-0.621083,1.5999,-1.83431,-1.36343,1.12041,0.229574,0.199491,
7.1,-2.42632,-1.59993,-0.865673,0.827488,-0.564682,-2.09803,0.199491,4.63375,-1.59989,-0.584593,1.37386,-0.32167,-2.57865,0.199491,2.25933,-1.74904,-1.04865,0.29847,0.171537,-1.4871,0.199491,-0.188184,1.79991,2.34906,0.569297,0.102428,-1.50547,0.199491,1.32976,1.59994,2.42104,-1.41257,0.640289,0.260991,0.199645,-0.62242,1.59989,-1.83301,-1.36497,1.11472,0.228489,0.199491,
7.2,-2.4287,-1.59992,-0.867038,0.829027,-0.563741,-2.09873,0.199491,4.63497,-1.59989,-0.582689,1.3724,-0.323733,-2.57802,0.199491,2.25901,-1.74895,-1.04943,0.298638,0.17117,-1.48719,0.199491,-0.189313,1.79989,2.34555,0.568427,0.102857,-1.50532,0.199491,1.32901,1.59992,2.42124,-1.40619,0.659976,0.264579,0.199645,-0.62412,1.59988,-1.83186,-1.36757,1.10699,0.226457,0.199491,
7.3,-2.43008,-1.59992,-0.869122,0.831833,-0.56219,-2.10011,0.199491,4.63665,-1.59989,-0.580912,1.37159,-0.324841,-2.57761,0.199491,2.25903,-1.74887,-1.04996,0.299542,0.170788,-1.48715,0.199491,-0.1892,1.79989,2.34248,0.566254,0.102998,-1.50554,0.199491,1.32974,1.59992,2.42005,-1.40563,0.662339,0.264686,0.199645,-0.623017,1.59988,-1.83055,-1.36635,1.10635,0.227886,0.199491,
7.4,-2.43001,-1.59991,-0.871593,0.840833,-0.55756,-2.10479,0.199491,4.64085,-1.59989,-0.579973,1.37278,-0.323023,-2.57793,0.199491,2.26068,-1.74881,-1.05021,0.301032,0.17065,-1.48691,0.199491,-0.186259,1.79991,2.34847,0.567317,0.102782,-1.50553,0.199491,1.33489,1.59994,2.41929,-1.41135,0.646199,0.260971,0.199645,-0.622801,1.59989,-1.82902,-1.36472,1.10659,0.229658,0.199491,
7.5,-2.42804,-1.59994,-0.878117,0.823138,-0.566224,-2.0953,0.199491,4.64482,-1.59989,-0.579534,1.37088,-0.325817,-2.57727,0.199491,2.26187,-1.74875,-1.05091,0.303112,0.170312,-1.48662,0.199491,-0.182234,1.79991,2.34237,0.562605,0.102916,-1.50612,0.199491,1.33824,1.59994,2.41768,-1.41749,0.628366,0.25705,0.199645,-0.618045,1.5999,-1.82821,-1.36293,1.1068,0.23161,0.199491,
7.6,-2.42655,-1.59995,-0.880198,0.835061,-0.560212,-2.10157,0.199491,4.64904,-1.59989,-0.578724,1.37163,-0.324653,-2.57745,0.199491,2.26337,-1.7487,-1.05057,0.30533,0.17002,-1.48629,0.199491,-0.179618,1.7999,2.34087,0.564626,0.10313,-1.5057,0.199491,1.34148,1.59993,2.41756,-1.41893,0.624702,0.255948,0.199645,-0.614615,1.59989,-1.82555,-1.35333,1.1214,0.240567,0.199491,
7.7,-2.42726,-1.59995,-0.88202,0.834037,-0.56057,-2.10092,0.199491,4.65085,-1.59991,-0.577053,1.37179,-0.324278,-2.57732,0.199491,2.26384,-1.74863,-1.05118,0.305859,0.169736,-1.48629,0.199491,-0.18049,1.79988,2.33462,0.562405,0.103549,-1.50575,0.199491,1.34042,1.59991,2.42003,-1.4048,0.667808,0.264216,0.199645,-0.613965,1.5999,-1.82474,-1.3552,1.1153,0.239191,0.199491,
7.8,-2.42571,-1.59995,-0.884167,0.845958,-0.554472,-2.10714,0.199491,4.65468,-1.59991,-0.575906,1.37351,-0.321642,-2.57779,0.199491,2.26574,-1.74857,-1.05178,0.30728,0.169642,-1.48606,0.199491,-0.176083,1.79987,2.3429,0.562097,0.103243,-1.50598,0.199491,1.34697,1.5999,2.41705,-1.41923,0.625097,0.255308,0.199645,-0.612603,1.59989,-1.82312,-1.35219,1.11789,0.242211,0.199491,
7.9,-2.42718,-1.59995,-0.8852,0.845286,-0.55465,-2.10667,0.199491,4.65611,-1.59991,-0.574242,1.37191,-0.323918,-2.57712,0.199491,2.26565,-1.74849,-1.05231,0.307536,0.169284,-1.48613,0.199491,-0.176784,1.79989,2.33764,0.561338,0.10383,-1.50573,0.199491,1.34582,1.59993,2.41794,-1.41002,0.653893,0.260558,0.199645,-0.61379,1.5999,-1.8225,-1.35608,1.10829,0.239022,0.199491,
8,-2.42726,-1.59995,-0.886779,0.849964,-0.552139,-2.10903,0.199491,4.65848,-1.59991,-0.572742,1.37196,-0.323742,-2.577,0.199491,2.26637,-1.74842,-1.05272,0.308303,0.169031,-1.48608,0.199491,-0.175768,1.79989,2.33925,0.560215,0.103928,-1.50583,0.199491,1.34798,1.59993,2.41714,-1.41026,0.653797,0.2602,0.199645,-0.613809,1.5999,-1.82136,-1.35632,1.10517,0.239112,0.199491,
8.1,-2.4276,-1.59995,-0.888223,0.853802,-0.550039,-2.11094,0.199491,4.66078,-1.59991,-0.571289,1.3717,-0.324029,-2.57678,0.199491,2.26704,-1.74835,-1.05318,0.308956,0.16878,-1.48605,0.199491,-0.174959,1.79989,2.33974,0.559158,0.104148,-1.50584,0.199491,1.34981,1.59992,2.41646,-1.40977,0.655888,0.260298,0.199645,-0.614208,1.5999,-1.82036,-1.35743,1.10049,0.238431,0.199491,
8.2,-2.42796,-1.59995,-0.889655,0.857353,-0.548079,-2.11269,0.199491,4.66296,-1.59991,-0.569796,1.37142,-0.32433,-2.57655,0.199491,2.26767,-1.74828,-1.05364,0.309536,0.168531,-1.48603,0.199491,-0.17424,1.79989,2.34022,0.55806,0.10437,-1.50587,0.199491,1.35152,1.59992,2.41574,-1.40929,0.657914,0.260397,0.199645,-0.61467,1.5999,-1.81933,-1.35835,1.09614,0.237915,0.199491,
8.3,-2.42836,-1.59994,-0.891077,0.860643,-0.546245,-2.1143,0.199491,4.66504,-1.59991,-0.568276,1.37113,-0.324667,-2.5763,0.199491,2.26827,-1.74821,-1.05412,0.310037,0.168286,-1.48602,0.199491,-0.173574,1.79989,2.34081,0.55697,0.104585,-1.50589,0.199491,1.35315,1.59992,2.41499,-1.40887,0.659745,0.26047,0.199645,-0.615247,1.59989,-1.81832,-1.35937,1.09162,0.237311,0.199491,
8.4,-2.42882,-1.59994,-0.89244,0.863841,-0.544452,-2.11585,0.199491,4.66702,-1.59991,-0.566719,1.37086,-0.324958,-2.57606,0.199491,2.26885,-1.74814,-1.05463,0.310454,0.168049,-1.48603,0.199491,-0.173,1.79989,2.34158,0.556046,0.104784,-1.5059,0.199491,1.35469,1.59992,2.41424,-1.40842,0.661622,0.260566,0.199645,-0.615956,1.59989,-1.81729,-1.36041,1.08717,0.236685,0.199491,
8.5,-2.42938,-1.59993,-0.893737,0.86667,-0.542843,-2.11721,0.199491,4.66888,-1.59991,-0.565128,1.37053,-0.325326,-2.5758,0.199491,2.26939,-1.74807,-1.05517,0.310741,0.167821,-1.48606,0.199491,-0.172515,1.79988,2.34241,0.555075,0.104991,-1.50592,0.199491,1.35611,1.59992,2.41344,-1.40805,0.663269,0.260626,0.199645,-0.616857,1.59988,-1.81627,-1.3617,1.08236,0.235821,0.199491,
8.6,-2.43016,-1.59993,-0.894726,0.870426,-0.540739,-2.11904,0.199491,4.67057,-1.59991,-0.563441,1.37036,-0.325456,-2.57558,0.199491,2.26982,-1.748,-1.05548,0.311298,0.167542,-1.48605,0.199491,-0.172087,1.79988,2.34222,0.553253,0.105213,-1.50603,0.199491,1.35733,1.59992,2.41244,-1.40805,0.663786,0.260457,0.199645,-0.615933,1.59993,-1.81428,-1.35566,1.09153,0.241452,0.199491,
8.7,-2.42866,-1.59995,-0.899632,0.858758,-0.546746,-2.11297,0.199491,4.67462,-1.59991,-0.563133,1.36925,-0.327053,-2.57516,0.199491,2.27123,-1.74796,-1.05564,0.313965,0.16722,-1.48565,0.199491,-0.169915,1.79988,2.33653,0.550748,0.105201,-1.5064,0.199491,1.36005,1.59992,2.41216,-1.40824,0.663628,0.260203,0.199645,-0.609396,1.59993,-1.81389,-1.35196,1.09544,0.245102,0.199491,
8.8,-2.4272,-1.59994,-0.902443,0.862827,-0.544568,-2.11503,0.199491,4.67859,-1.59991,-0.562647,1.36897,-0.327409,-2.57499,0.199491,2.27276,-1.74791,-1.0558,0.31564,0.167012,-1.4854,0.199491,-0.167533,1.79988,2.33608,0.549931,0.105302,-1.50645,0.199491,1.36325,1.59992,2.41218,-1.40824,0.664017,0.260089,0.199645,-0.607307,1.59993,-1.81357,-1.35223,1.09233,0.245176,0.199491,
8.9,-2.42653,-1.59994,-0.904612,0.866312,-0.542666,-2.11676,0.199491,4.68165,-1.59991,-0.561719,1.3687,-0.327736,-2.57478,0.199491,2.27393,-1.74785,-1.05613,0.31667,0.166804,-1.48528,0.199491,-0.165926,1.79988,2.33649,0.549215,0.105404,-1.5065,0.199491,1.36569,1.59992,2.41189,-1.40794,0.665287,0.260141,0.199645,-0.606594,1.59993,-1.81317,-1.3529,1.08858,0.244894,0.199491,
9,-2.42655,-1.59994,-0.906414,0.867959,-0.541703,-2.11753,0.199491,4.68383,-1.59991,-0.560438,1.36808,-0.328548,-2.57444,0.199491,2.2747,-1.74779,-1.05667,0.31716,0.166579,-1.48528,0.199491,-0.165698,1.79988,2.3355,0.547759,0.105618,-1.50658,0.199491,1.36697,1.59992,2.41204,-1.40456,0.675631,0.262108,0.199645,-0.606948,1.59992,-1.8128,-1.35429,1.08362,0.243952,0.199491,
9.1,-2.42734,-1.59994,-0.907547,0.86964,-0.540701,-2.11831,0.199491,4.68485,-1.59991,-0.558654,1.36716,-0.329766,-2.57396,0.199491,2.27488,-1.74772,-1.05726,0.317239,0.166288,-1.48537,0.199491,-0.166022,1.79991,2.33124,0.545595,0.106363,-1.50645,0.199491,1.36748,1.59994,2.41084,-1.40419,0.677101,0.262219,0.199645,-0.607115,1.59993,-1.8113,-1.3494,1.09042,0.248559,0.199491,
9.2,-2.42416,-1.59995,-0.911345,0.874754,-0.538035,-2.12095,0.199491,4.69032,-1.59991,-0.558687,1.36841,-0.327896,-2.57433,0.199491,2.27743,-1.74769,-1.05687,0.320698,0.166066,-1.48478,0.199491,-0.159968,1.79988,2.33441,0.545647,0.105714,-1.50683,0.199491,1.3737,1.59991,2.41035,-1.41198,0.654147,0.257374,0.199645,-0.598333,1.59991,-1.8101,-1.34125,1.10217,0.256147,0.199491,
9.3,-2.42168,-1.59995,-0.914281,0.881143,-0.534667,-2.12423,0.199491,4.69493,-1.59991,-0.558468,1.36868,-0.327437,-2.57435,0.199491,2.27947,-1.74765,-1.05687,0.322538,0.165915,-1.48448,0.199491,-0.156588,1.79987,2.3358,0.545585,0.105665,-1.50686,0.199491,1.37797,1.59991,2.41104,-1.41285,0.651831,0.256751,0.199645,-0.596142,1.59992,-1.80988,-1.34249,1.09762,0.25534,0.199491,
9.4,-2.42006,-1.59995,-0.916761,0.885086,-0.532564,-2.12623,0.199491,4.69827,-1.59991,-0.557704,1.36848,-0.327654,-2.57417,0.199491,2.28092,-1.7476,-1.05707,0.323625,0.165729,-1.48434,0.199491,-0.154621,1.79987,2.33658,0.54132,0.10586,-1.50735,0.199491,1.38044,1.5999,2.41053,-1.41445,0.647399,0.255646,0.199645,-0.594734,1.59992,-1.80935,-1.34213,1.09588,0.255958,0.199491,
9.5,-2.42101,-1.59995,-0.918648,0.878558,-0.53595,-2.12284,0.199491,4.69868,-1.59991,-0.555953,1.36591,-0.331313,-2.57314,0.199491,2.28062,-1.74752,-1.05777,0.323166,0.165382,-1.48456,0.199491,-0.159365,1.79988,2.32721,0.535363,0.106679,-1.50772,0.199491,1.37778,1.59991,2.41194,-1.40072,0.688655,0.263938,0.199645,-0.596747,1.59993,-1.80926,-1.34553,1.08761,0.253228,0.199491,
9.6,-2.42057,-1.59995,-0.920232,0.882835,-0.533628,-2.12498,0.199491,4.70037,-1.59991,-0.554426,1.36576,-0.331407,-2.57294,0.199491,2.28148,-1.74746,-1.05838,0.323607,0.165162,-1.48456,0.199491,-0.157214,1.79989,2.32938,0.539436,0.106391,-1.50731,0.199491,1.37959,1.59993,2.41,-1.40475,0.677253,0.26132,0.199645,-0.595882,1.59993,-1.80891,-1.34622,1.08403,0.252906,0.199491,
9.7,-2.41971,-1.59995,-0.922213,0.885734,-0.532067,-2.12644,0.199491,4.70242,-1.59991,-0.553091,1.36562,-0.331503,-2.57274,0.199491,2.28253,-1.7474,-1.05904,0.323814,0.165004,-1.48459,0.199491,-0.155668,1.79989,2.33199,0.539688,0.106303,-1.50733,0.199491,1.38141,1.59992,2.40943,-1.40476,0.677434,0.261242,0.199645,-0.596615,1.59993,-1.8089,-1.34951,1.07587,0.250285,0.199491,
9.8,-2.41931,-1.59994,-0.923974,0.887557,-0.531059,-2.12734,0.199491,4.70397,-1.59991,-0.551568,1.36518,-0.332025,-2.57243,0.199491,2.28331,-1.74733,-1.05981,0.323695,0.164836,-1.48468,0.199491,-0.154933,1.79989,2.33368,0.539385,0.106326,-1.50736,0.199491,1.38251,1.59992,2.40856,-1.40443,0.678676,0.261358,0.199645,-0.597779,1.59993,-1.80884,-1.35284,1.06769,0.247609,0.199491,
9.9,-2.41931,-1.59994,-0.925463,0.889156,-0.530146,-2.12811,0.199491,4.70517,-1.59991,-0.549904,1.36467,-0.332652,-2.57208,0.199491,2.28394,-1.74726,-1.06064,0.323281,0.164672,-1.48483,0.199491,-0.154637,1.79989,2.33557,0.53896,0.106399,-1.50738,0.199491,1.38313,1.59992,2.40753,-1.40374,0.681031,0.261694,0.199645,-0.599449,1.59992,-1.80861,-1.35592,1.06008,0.24514,0.199491,
10,-2.42097,-1.59994,-0.925234,0.890607,-0.529301,-2.1288,0.199491,4.70585,-1.59991,-0.547941,1.36442,-0.332876,-2.57181,0.199491,2.28424,-1.74719,-1.0612,0.322665,0.164469,-1.48503,0.199491,-0.154783,1.79989,2.33684,0.537644,0.106662,-1.50741,0.199491,1.38306,1.59992,2.40574,-1.40392,0.680941,0.261441,0.199645,-0.600535,1.59993,-1.80697,-1.35134,1.06741,0.249338,0.199491,
10.1,-2.42251,-1.59994,-0.924265,0.890261,-0.529615,-2.12872,0.199491,4.70718,-1.59991,-0.546396,1.36382,-0.333631,-2.57144,0.199491,2.28453,-1.74713,-1.06124,0.322698,0.164188,-1.48513,0.199491,-0.155444,1.79988,2.33583,0.538262,0.106618,-1.50735,0.199491,1.38335,1.59992,2.40491,-1.40212,0.686503,0.262477,0.199645,-0.601704,1.59992,-1.80724,-1.35643,1.05587,0.245122,0.199491,
10.2,-2.42144,-1.59994,-0.926177,0.891414,-0.529073,-2.12936,0.199491,4.70912,-1.59991,-0.545172,1.36331,-0.334267,-2.57112,0.199491,2.28531,-1.74707,-1.06153,0.323723,0.163904,-1.48504,0.199491,-0.154897,1.79988,2.33277,0.535513,0.106558,-1.50778,0.199491,1.38468,1.59992,2.40424,-1.40249,0.685524,0.262209,0.199645,-0.59832,1.59992,-1.80654,-1.35223,1.06209,0.249032,0.199491,
10.3,-2.42037,-1.59993,-0.927692,0.894238,-0.527651,-2.13086,0.199491,4.71105,-1.59991,-0.543842,1.36335,-0.334089,-2.57099,0.199491,2.28609,-1.74702,-1.06153,0.324595,0.163629,-1.48497,0.199491,-0.154084,1.79988,2.33187,0.533436,0.106648,-1.50802,0.199491,1.3859,1.59992,2.40345,-1.40287,0.684557,0.26193,0.199645,-0.595321,1.59992,-1.8049,-1.34367,1.07619,0.256785,0.199491,
10.4,-2.41961,-1.59993,-0.928902,0.895769,-0.526958,-2.13174,0.199491,4.71315,-1.59991,-0.542661,1.36316,-0.33426,-2.57078,0.199491,2.287,-1.74697,-1.0618,0.324969,0.163434,-1.48498,0.199491,-0.153174,1.79988,2.33242,0.533352,0.106622,-1.50805,0.199491,1.38722,1.59992,2.40305,-1.40236,0.686106,0.262227,0.199645,-0.595325,1.59992,-1.8047,-1.34499,1.07207,0.255848,0.199491,
10.5,-2.41931,-1.59993,-0.929757,0.895442,-0.5273,-2.1317,0.199491,4.71543,-1.59991,-0.541572,1.36297,-0.334438,-2.57058,0.199491,2.28797,-1.74691,-1.062,0.325105,0.163268,-1.48502,0.199491,-0.153105,1.79988,2.33329,0.533405,0.106597,-1.50805,0.199491,1.38818,1.59992,2.40331,-1.39874,0.696642,0.264485,0.199645,-0.596833,1.59993,-1.80483,-1.34969,1.06159,0.251971,0.199491,
10.6,-2.41894,-1.59993,-0.930295,0.897731,-0.526224,-2.13299,0.199491,4.71754,-1.59991,-0.540465,1.36256,-0.334931,-2.57031,0.199491,2.28862,-1.74687,-1.06161,0.326697,0.162882,-1.48485,0.199491,-0.152594,1.79988,2.32881,0.53007,0.106675,-1.50849,0.199491,1.3895,1.59992,2.40203,-1.40107,0.690018,0.262982,0.199645,-0.591417,1.59992,-1.80343,-1.34086,1.07571,0.259991,0.199491,
10.7,-2.41907,-1.59993,-0.931034,0.894723,-0.528039,-2.13161,0.199491,4.71885,-1.59991,-0.539209,1.36084,-0.337335,-2.56958,0.199491,2.28887,-1.74681,-1.06213,0.325723,0.162702,-1.48511,0.199491,-0.153991,1.79988,2.32852,0.526816,0.107092,-1.50871,0.199491,1.3884,1.59991,2.39845,-1.39681,0.703887,0.265177,0.199645,-0.596141,1.59993,-1.80385,-1.3487,1.0596,0.253359,0.199491,
10.8,-2.42063,-1.59994,-0.930608,0.893986,-0.528523,-2.13131,0.199491,4.72729,-1.5999,-0.541943,1.35856,-0.340734,-2.56891,0.199491,2.29258,-1.74679,-1.06348,0.328415,0.1628,-1.48457,0.199491,-0.147734,1.79988,2.32023,0.527068,0.108931,-1.50761,0.199491,1.39587,1.59992,2.38359,-1.39326,0.722772,0.264882,0.199645,-0.593824,1.59993,-1.80275,-1.34376,1.06695,0.257921,0.199491,
10.9,-2.42435,-1.59994,-0.930453,0.900593,-0.524586,-2.13437,0.199491,4.73827,-1.5999,-0.550765,1.35795,-0.341164,-2.56812,0.199491,2.29833,-1.74679,-1.06784,0.33071,0.163392,-1.48393,0.199491,-0.140238,1.79991,2.31181,0.528609,0.110858,-1.50628,0.199491,1.40755,1.59994,2.37838,-1.3924,0.729759,0.264134,0.199645,-0.593863,1.59992,-1.80392,-1.35223,1.04952,0.250743,0.199491,
11,-2.42595,-1.59994,-0.931942,0.902432,-0.523387,-2.13514,0.199491,4.74064,-1.5999,-0.550121,1.35712,-0.342274,-2.5677,0.199491,2.299,-1.74675,-1.06761,0.331074,0.16314,-1.48395,0.199491,-0.140091,1.7999,2.31275,0.528479,0.110667,-1.50641,0.199491,1.40748,1.59994,2.37772,-1.39266,0.728768,0.264036,0.199645,-0.593301,1.59992,-1.80345,-1.35181,1.04894,0.251294,0.199491,
11.1,-2.4282,-1.59993,-0.93401,0.904049,-0.522157,-2.13567,0.199491,4.74126,-1.5999,-0.548651,1.35618,-0.343489,-2.56719,0.199491,2.2994,-1.74669,-1.06845,0.330502,0.162961,-1.48414,0.199491,-0.14081,1.79991,2.31308,0.527646,0.110641,-1.50655,0.199491,1.40737,1.59994,2.37752,-1.39132,0.732191,0.265009,0.199645,-0.593938,1.59992,-1.80286,-1.35184,1.04753,0.251456,0.199491,
11.2,-2.43062,-1.59993,-0.937528,0.905852,-0.520617,-2.13614,0.199491,4.74092,-1.5999,-0.547793,1.35512,-0.344734,-2.56645,0.199491,2.29982,-1.74661,-1.07063,0.329289,0.162882,-1.48441,0.199491,-0.141666,1.79991,2.31305,0.526377,0.110706,-1.5067,0.199491,1.40732,1.59994,2.37736,-1.38982,0.736022,0.266096,0.199645,-0.595007,1.59991,-1.80235,-1.35258,1.04478,0.251001,0.199491,
11.3,-2.43195,-1.59993,-0.940817,0.907073,-0.519571,-2.13645,0.199491,4.7404,-1.5999,-0.546815,1.35434,-0.345563,-2.5658,0.199491,2.30026,-1.74653,-1.07296,0.328085,0.162817,-1.48468,0.199491,-0.142286,1.79991,2.31311,0.524986,0.110745,-1.50688,0.199491,1.40736,1.59994,2.37713,-1.38858,0.739089,0.267012,0.199645,-0.595782,1.59991,-1.80189,-1.35339,1.04194,0.250473,0.199491,
11.4,-2.43263,-1.59993,-0.943526,0.911548,-0.516815,-2.13844,0.199491,4.74033,-1.59989,-0.546581,1.35384,-0.345923,-2.56517,0.199491,2.30084,-1.74645,-1.07529,0.327374,0.162732,-1.48486,0.199491,-0.139531,1.7999,2.31452,0.527823,0.110663,-1.50651,0.199491,1.40767,1.59993,2.37492,-1.39445,0.722672,0.263177,0.199645,-0.594607,1.5999,-1.80187,-1.35479,1.038,0.249435,0.199491,
11.5,-2.43399,-1.59993,-0.945287,0.910529,-0.517224,-2.13782,0.199491,4.74001,-1.59989,-0.544955,1.35347,-0.34624,-2.56477,0.199491,2.30099,-1.74638,-1.07655,0.326328,0.162578,-1.48513,0.199491,-0.142742,1.7999,2.31449,0.523554,0.110557,-1.5072,0.199491,1.4072,1.59994,2.37638,-1.38711,0.742411,0.268171,0.199645,-0.596259,1.5999,-1.80076,-1.35438,1.03769,0.249945,0.199491,
11.6,-2.43535,-1.59993,-0.946258,0.91149,-0.5166,-2.13822,0.199491,4.73994,-1.59989,-0.542992,1.35307,-0.346659,-2.56444,0.199491,2.30115,-1.74631,-1.07748,0.325625,0.162395,-1.48533,0.199491,-0.143908,1.79989,2.31401,0.522418,0.110647,-1.50732,0.199491,1.40734,1.59993,2.37636,-1.38516,0.747296,0.269587,0.199645,-0.597237,1.5999,-1.79982,-1.35432,1.03667,0.250152,0.199491,
11.7,-2.43642,-1.59992,-0.94777,0.913111,-0.515567,-2.13891,0.199491,4.7402,-1.59989,-0.541612,1.35269,-0.347017,-2.56407,0.199491,2.30144,-1.74624,-1.07856,0.325109,0.162225,-1.4855,0.199491,-0.144288,1.79989,2.31412,0.521614,0.110641,-1.50744,0.199491,1.40756,1.59993,2.3761,-1.38414,0.74963,0.270374,0.199645,-0.597481,1.5999,-1.7991,-1.35459,1.03505,0.250083,0.199491,
11.8,-2.43738,-1.59992,-0.949431,0.914796,-0.514488,-2.13963,0.199491,4.74048,-1.59989,-0.540403,1.35232,-0.347344,-2.56368,0.199491,2.30178,-1.74618,-1.07977,0.324603,0.162068,-1.48566,0.199491,-0.144518,1.79989,2.31434,0.520907,0.110611,-1.50756,0.199491,1.4078,1.59992,2.37578,-1.38331,0.751459,0.271043,0.199645,-0.597573,1.59989,-1.79844,-1.35492,1.03332,0.249952,0.199491,
11.9,-2.43829,-1.59992,-0.951116,0.916549,-0.513369,-2.14037,0.199491,4.74079,-1.59989,-0.539238,1.35195,-0.347664,-2.56328,0.199491,2.30211,-1.74611,-1.08098,0.324129,0.161912,-1.48582,0.199491,-0.14467,1.79989,2.31461,0.520212,0.110572,-1.50768,0.199491,1.40805,1.59992,2.37545,-1.38257,0.753015,0.271651,0.199645,-0.597572,1.59989,-1.79779,-1.35514,1.03184,0.249911,0.199491,
12,-2.43642,-1.59991,-0.955981,0.927208,-0.507016,-2.14528,0.199491,4.7459,-1.5999,-0.543987,1.35338,-0.345068,-2.5631,0.199491,2.30644,-1.74606,-1.08618,0.326087,0.162354,-1.48531,0.199491,-0.136972,1.79989,2.30929,0.520331,0.111268,-1.50727,0.199491,1.41936,1.59993,2.37416,-1.38679,0.743426,0.268348,0.199645,-0.590751,1.59991,-1.79797,-1.34989,1.04124,0.254561,0.199491,
12.1,-2.43926,-1.59994,-0.955775,0.919229,-0.511494,-2.14138,0.199491,4.74857,-1.59989,-0.543859,1.35288,-0.345676,-2.56277,0.199491,2.30717,-1.74603,-1.08587,0.326744,0.162109,-1.48528,0.199491,-0.136946,1.79991,2.31029,0.521091,0.110806,-1.50742,0.199491,1.41898,1.59995,2.37344,-1.38698,0.742547,0.268325,0.199645,-0.589061,1.59991,-1.79762,-1.34852,1.04264,0.255925,0.199491,
12.2,-2.44189,-1.59995,-0.954131,0.917944,-0.512273,-2.1408,0.199491,4.74859,-1.59989,-0.541876,1.35283,-0.345588,-2.56256,0.199491,2.30701,-1.74597,-1.08577,0.326094,0.161844,-1.4855,0.199491,-0.139667,1.7999,2.3101,0.519437,0.110874,-1.50762,0.199491,1.4185,1.59994,2.37407,-1.38223,0.75472,0.271666,0.199645,-0.591129,1.59991,-1.79674,-1.34737,1.04351,0.257109,0.199491,
12.3,-2.44401,-1.59994,-0.952846,0.918121,-0.512227,-2.14093,0.199491,4.7482,-1.59989,-0.539752,1.35236,-0.346111,-2.5622,0.199491,2.30683,-1.74591,-1.0862,0.325361,0.161605,-1.48573,0.199491,-0.140594,1.79991,2.30825,0.518494,0.111324,-1.50751,0.199491,1.41851,1.59994,2.37326,-1.38296,0.752345,0.271289,0.199645,-0.592868,1.59991,-1.79625,-1.34801,1.04091,0.256749,0.199491,
12.4,-2.44559,-1.59994,-0.952075,0.919314,-0.511585,-2.14154,0.199491,4.749,-1.59989,-0.538163,1.35253,-0.34574,-2.5621,0.199491,2.30712,-1.74586,-1.08615,0.325456,0.161358,-1.48581,0.199491,-0.139613,1.79991,2.31136,0.521605,0.110751,-1.50738,0.199491,1.41804,1.59994,2.37276,-1.38241,0.753356,0.271781,0.199645,-0.591598,1.59991,-1.79577,-1.34659,1.04239,0.258156,0.199491,
12.5,-2.44709,-1.59994,-0.951667,0.918899,-0.51183,-2.14134,0.199491,4.74909,-1.59989,-0.536272,1.35229,-0.345947,-2.56183,0.199491,2.30707,-1.7458,-1.08629,0.324991,0.161113,-1.48599,0.199491,-0.140924,1.79991,2.31181,0.52076,0.110686,-1.50754,0.199491,1.41752,1.59994,2.37269,-1.38027,0.758493,0.273372,0.199645,-0.59246,1.59991,-1.79512,-1.34586,1.0425,0.258981,0.199491,
12.6,-2.44851,-1.59994,-0.951406,0.918308,-0.51217,-2.14106,0.199491,4.74898,-1.59989,-0.534281,1.35204,-0.346148,-2.56156,0.199491,2.30699,-1.74574,-1.08658,0.324449,0.160879,-1.48618,0.199491,-0.142493,1.7999,2.31197,0.519483,0.110673,-1.50773,0.199491,1.41711,1.59994,2.37275,-1.37771,0.764623,0.275268,0.199645,-0.593485,1.59991,-1.79444,-1.34508,1.04266,0.259838,0.199491,
12.7,-2.44951,-1.59994,-0.951194,0.92064,-0.510857,-2.1422,0.199491,4.74971,-1.59989,-0.532776,1.35171,-0.346495,-2.56129,0.199491,2.30722,-1.74569,-1.08673,0.324546,0.160636,-1.48625,0.199491,-0.14031,1.79991,2.31371,0.522606,0.110405,-1.50743,0.199491,1.41678,1.59994,2.37103,-1.38187,0.753443,0.272528,0.199645,-0.592104,1.59991,-1.79426,-1.34518,1.04128,0.259931,0.199491,
12.8,-2.45024,-1.59994,-0.951606,0.920422,-0.510967,-2.14208,0.199491,4.74995,-1.59989,-0.531018,1.35134,-0.346897,-2.56099,0.199491,2.30721,-1.74563,-1.08692,0.324212,0.160394,-1.48641,0.199491,-0.141148,1.79991,2.31448,0.521761,0.11026,-1.50763,0.199491,1.41616,1.59994,2.3707,-1.38077,0.75587,0.273402,0.199645,-0.592443,1.59991,-1.7937,-1.34461,1.04111,0.2606,0.199491,
12.9,-2.45092,-1.59994,-0.952093,0.919997,-0.511193,-2.14186,0.199491,4.75001,-1.59989,-0.529177,1.35097,-0.34728,-2.56069,0.199491,2.30718,-1.74558,-1.08724,0.323804,0.160163,-1.48657,0.199491,-0.142294,1.79991,2.31479,0.520446,0.11018,-1.50787,0.199491,1.41566,1.59994,2.37052,-1.37923,0.759408,0.274581,0.199645,-0.592963,1.59991,-1.7931,-1.34404,1.04093,0.261271,0.199491,
13,-2.45174,-1.59994,-0.952495,0.919528,-0.51144,-2.14162,0.199491,4.75003,-1.59989,-0.527308,1.35067,-0.347585,-2.56041,0.199491,2.30714,-1.74552,-1.0876,0.323376,0.159939,-1.48674,0.199491,-0.143616,1.79991,2.315,0.518978,0.110132,-1.50811,0.199491,1.41528,1.59995,2.37053,-1.37711,0.764378,0.276167,0.199645,-0.593626,1.59991,-1.79245,-1.34334,1.041,0.262067,0.199491,
13.1,-2.45256,-1.59994,-0.952906,0.919086,-0.511669,-2.14139,0.199491,4.75005,-1.59989,-0.525443,1.35038,-0.347861,-2.56014,0.199491,2.30712,-1.74546,-1.08798,0.322963,0.159719,-1.4869,0.199491,-0.144966,1.79991,2.31511,0.517406,0.110105,-1.50836,0.199491,1.41503,1.59994,2.3706,-1.3748,0.769736,0.277896,0.199645,-0.594305,1.59991,-1.7918,-1.34268,1.04097,0.26282,0.199491,
13.2,-2.4532,-1.59994,-0.95346,0.918793,-0.511817,-2.14123,0.199491,4.75012,-1.59989,-0.523617,1.35009,-0.34813,-2.55987,0.199491,2.30713,-1.7454,-1.08837,0.322611,0.159504,-1.48705,0.199491,-0.146114,1.79991,2.31524,0.51587,0.110086,-1.50859,0.199491,1.41489,1.59994,2.37064,-1.37269,0.774521,0.279508,0.199645,-0.594844,1.59991,-1.79118,-1.34217,1.04067,0.263448,0.199491,
13.3,-2.45356,-1.59994,-0.954234,0.918632,-0.511896,-2.14114,0.199491,4.75029,-1.59989,-0.521845,1.34983,-0.348378,-2.55961,0.199491,2.30718,-1.74534,-1.08877,0.322335,0.159293,-1.48718,0.199491,-0.147056,1.7999,2.3155,0.514591,0.110039,-1.5088,0.199491,1.41482,1.59994,2.37067,-1.37068,0.778971,0.281064,0.199645,-0.595193,1.59991,-1.79057,-1.34182,1.04005,0.263928,0.199491,
13.4,-2.45359,-1.59994,-0.955246,0.918639,-0.511886,-2.14114,0.199491,4.75057,-1.59989,-0.520139,1.34955,-0.348646,-2.55935,0.199491,2.30727,-1.74528,-1.08916,0.322156,0.159083,-1.48729,0.199491,-0.147755,1.7999,2.31576,0.513272,0.109981,-1.50902,0.199491,1.41481,1.59993,2.37061,-1.36903,0.782462,0.282379,0.199645,-0.5952,1.59991,-1.78994,-1.34152,1.03939,0.264372,0.199491,
13.5,-2.45322,-1.59994,-0.956569,0.918791,-0.511803,-2.14122,0.199491,4.751,-1.59989,-0.518531,1.34925,-0.348947,-2.5591,0.199491,2.30743,-1.74523,-1.08954,0.322111,0.158872,-1.48738,0.199491,-0.14813,1.7999,2.31603,0.512031,0.109894,-1.50925,0.199491,1.41487,1.59993,2.37042,-1.3679,0.784626,0.283332,0.199645,-0.594764,1.5999,-1.78933,-1.34129,1.03861,0.264747,0.199491,
13.6,-2.45244,-1.59994,-0.958194,0.919087,-0.511647,-2.14137,0.199491,4.75162,-1.59989,-0.517041,1.34891,-0.349316,-2.55883,0.199491,2.30767,-1.74518,-1.08991,0.322188,0.158664,-1.48745,0.199491,-0.148176,1.7999,2.31632,0.51073,0.109779,-1.5095,0.199491,1.41498,1.59993,2.37013,-1.36726,0.785593,0.283949,0.199645,-0.593933,1.5999,-1.7888,-1.34115,1.03771,0.265045,0.199491,
13.7,-2.45128,-1.59994,-0.960098,0.919574,-0.511392,-2.14162,0.199491,4.75238,-1.59989,-0.515768,1.34859,-0.349647,-2.55856,0.199491,2.30799,-1.74512,-1.09036,0.322359,0.158464,-1.48749,0.199491,-0.147895,1.7999,2.31664,0.509796,0.109622,-1.50972,0.199491,1.41516,1.59993,2.36971,-1.36718,0.785164,0.28416,0.199645,-0.592704,1.5999,-1.78836,-1.34103,1.03679,0.265316,0.199491,
13.8,-2.44986,-1.59994,-0.962194,0.920113,-0.511115,-2.14191,0.199491,4.75325,-1.59989,-0.514643,1.34826,-0.349977,-2.55828,0.199491,2.30837,-1.74507,-1.09087,0.322592,0.158271,-1.48752,0.199491,-0.147384,1.7999,2.31698,0.508713,0.109448,-1.50997,0.199491,1.41539,1.59993,2.36922,-1.36743,0.783985,0.284149,0.199645,-0.591226,1.5999,-1.78799,-1.34101,1.03573,0.265499,0.199491,
13.9,-2.44833,-1.59994,-0.964358,0.920745,-0.510789,-2.14224,0.199491,4.7542,-1.59989,-0.513587,1.34794,-0.350299,-2.558,0.199491,2.3088,-1.74502,-1.09139,0.322852,0.158081,-1.48755,0.199491,-0.146763,1.7999,2.31734,0.507713,0.109268,-1.51021,0.199491,1.41567,1.59993,2.36872,-1.36781,0.782479,0.284038,0.199645,-0.589647,1.5999,-1.78764,-1.34093,1.03481,0.265728,0.199491,
14,-2.44669,-1.59994,-0.966589,0.921419,-0.510445,-2.1426,0.199491,4.75522,-1.59988,-0.512589,1.34763,-0.350617,-2.55772,0.199491,2.30926,-1.74497,-1.09192,0.323155,0.157894,-1.48757,0.199491,-0.146057,1.7999,2.31768,0.506853,0.109068,-1.51045,0.199491,1.416,1.59994,2.36819,-1.36838,0.780523,0.28379,0.199645,-0.587934,1.5999,-1.78734,-1.3409,1.03384,0.265916,0.199491,
14.1,-2.44493,-1.59994,-0.968882,0.92221,-0.510042,-2.14302,0.199491,4.75632,-1.59988,-0.511674,1.34732,-0.350915,-2.55745,0.199491,2.30978,-1.74493,-1.09248,0.323487,0.157712,-1.48757,0.199491,-0.145187,1.79991,2.31805,0.505976,0.108868,-1.51068,0.199491,1.41638,1.59994,2.36762,-1.36915,0.778079,0.283394,0.199645,-0.586103,1.5999,-1.78707,-1.34081,1.03298,0.266142,0.199491,
14.2,-2.44308,-1.59994,-0.971213,0.923084,-0.509598,-2.14348,0.199491,4.75749,-1.59988,-0.510827,1.34703,-0.351196,-2.55718,0.199491,2.31034,-1.74488,-1.09304,0.32386,0.157533,-1.48758,0.199491,-0.144198,1.79991,2.3184,0.50525,0.108651,-1.5109,0.199491,1.41683,1.59994,2.36701,-1.37019,0.775011,0.282811,0.199645,-0.584155,1.5999,-1.78685,-1.34084,1.03193,0.266264,0.199491,
14.3,-2.44113,-1.59994,-0.973569,0.924081,-0.509093,-2.14401,0.199491,4.75876,-1.59988,-0.51006,1.34676,-0.351448,-2.55692,0.199491,2.31095,-1.74483,-1.09362,0.324265,0.157358,-1.48757,0.199491,-0.143054,1.79991,2.3188,0.504648,0.108423,-1.51111,0.199491,1.41734,1.59994,2.36637,-1.37145,0.771412,0.282069,0.199645,-0.582107,1.5999,-1.78668,-1.34091,1.03084,0.26635,0.199491,
