time,0_rod(strut).X,0_rod(strut).Y,0_rod(strut).Z,0_rod(strut).Euler1,0_rod(strut).Euler2,0_rod(strut).Euler3,0_rod(strut).mass,1_rod(strut).X,1_rod(strut).Y,1_rod(strut).Z,1_rod(strut).Euler1,1_rod(strut).Euler2,1_rod(strut).Euler3,1_rod(strut).mass,2_rod(strut).X,2_rod(strut).Y,2_rod(strut).Z,2_rod(strut).Euler1,2_rod(strut).Euler2,2_rod(strut).Euler3,2_rod(strut).mass,3_rod(strut).X,3_rod(strut).Y,3_rod(strut).Z,3_rod(strut).Euler1,3_rod(strut).Euler2,3_rod(strut).Euler3,3_rod(strut).mass,4_rod(strut).X,4_rod(strut).Y,4_rod(strut).Z,4_rod(strut).Euler1,4_rod(strut).Euler2,4_rod(strut).Euler3,4_rod(strut).mass,5_rod(strut).X,5_rod(strut).Y,5_rod(strut).Z,5_rod(strut).Euler1,5_rod(strut).Euler2,5_rod(strut).Euler3,5_rod(strut).mass,
0.1,-4.38933,98.9547,-0.512704,0.000420907,0.00783806,-2.35109,0.199491,3.3666,98.9376,-0.55772,-0.00431962,-0.00346366,-2.35773,0.199491,0.465834,98.1756,-0.75797,-0.00301639,0.000270596,-0.782007,0.199491,0.842861,100.557,2.00292,0.000212133,-0.00443086,-0.793128,0.199491,0.74815,98.5697,1.92625,-1.5732,-0.00635081,-0.00645643,0.199645,-0.295274,101.218,-1.05543,-1.57035,0.000757635,-0.00231885,0.199491,
0.2,-4.33319,97.4764,-0.511566,-0.00900496,0.00785185,-2.34476,0.199491,3.3364,97.4826,-0.56991,-0.0104604,-0.00894125,-2.35957,0.199491,0.46149,96.7154,-0.743548,-0.00403592,-0.00238953,-0.777385,0.199491,0.838132,99.0874,1.97896,-0.0038399,-0.00582662,-0.803485,0.199491,0.713002,97.0938,1.92248,-1.56894,-0.0202159,-0.00753603,0.199645,-0.276961,99.731,-1.03107,-1.57002,0.0136898,-0.00503771,0.199491,
0.3,-4.27649,95.0158,-0.509833,-0.0208342,0.00601365,-2.33832,0.199491,3.30622,95.0465,-0.582113,-0.0165793,-0.0144161,-2.36136,0.199491,0.456565,94.2745,-0.729219,-0.00503056,-0.0054512,-0.772959,0.199491,0.832547,96.6368,1.95522,-0.00804054,-0.00703295,-0.813641,0.199491,0.678694,94.6378,1.91801,-1.56522,-0.0307615,-0.00818918,0.199645,-0.258648,97.263,-1.00671,-1.56976,0.0266226,-0.00775838,0.199491,
0.4,-4.21888,91.5729,-0.507936,-0.0362499,0.00119557,-2.33187,0.199491,3.27661,91.6289,-0.594283,-0.0225029,-0.0194802,-2.36302,0.199491,0.450779,90.853,-0.714962,-0.00558916,-0.00896103,-0.768973,0.199491,0.825417,93.2051,1.93171,-0.0125986,-0.00833739,-0.823421,0.199491,0.645301,91.2022,1.91278,-1.56194,-0.0341696,-0.00849117,0.199645,-0.240303,93.8143,-0.98195,-1.56959,0.0386015,-0.0108132,0.199491,
0.5,-4.16098,87.148,-0.506514,-0.0551776,-0.00654241,-2.32527,0.199491,3.24836,87.2291,-0.605908,-0.0278653,-0.0233115,-2.36522,0.199491,0.443029,86.4523,-0.699295,-0.00592173,-0.0125608,-0.765051,0.199491,0.817104,88.7916,1.90941,-0.0172304,-0.0101194,-0.832716,0.199491,0.612646,86.7866,1.90568,-1.55927,-0.0230557,-0.00853711,0.199645,-0.221218,89.3848,-0.958012,-1.56839,0.0467684,-0.014562,0.199491,
0.6,-4.10771,81.7425,-0.506245,-0.0761393,-0.016258,-2.31873,0.199491,3.22197,81.8472,-0.616556,-0.0332211,-0.0268851,-2.36729,0.199491,0.435981,81.0694,-0.683471,-0.0182559,-0.00332779,-0.761369,0.199491,0.809148,83.3987,1.8884,0.00265089,-0.0329765,-0.841462,0.199491,0.583271,81.3902,1.89853,-1.55717,0.00906719,-0.00842391,0.199645,-0.203685,83.9742,-0.935299,-1.56569,-0.0509434,-0.0179709,0.199491,
0.7,-4.11623,75.3675,-0.508853,-0.0652727,-0.00519317,-2.31835,0.199491,3.22443,75.4695,-0.613982,-0.032609,-0.0266164,-2.36759,0.199491,0.438293,74.6918,-0.682222,-0.0100243,-0.010959,-0.762391,0.199491,0.810582,77.0227,1.88943,0.0049632,-0.0343688,-0.840607,0.199491,0.587954,75.0143,1.89783,-1.55684,0.0096294,-0.00814533,0.199645,-0.206054,77.6003,-0.936839,-1.56592,-0.0561952,-0.0176735,0.199491,
0.8,-4.16712,68.0198,-0.509719,-0.0690573,-0.0185088,-2.32426,0.199491,3.24986,68.0987,-0.603053,-0.0256263,-0.0203921,-2.36586,0.199491,0.44455,67.3245,-0.695651,-0.0387794,0.0226076,-0.766353,0.199491,0.817973,69.6647,1.90994,0.00639271,-0.0310578,-0.831931,0.199491,0.616887,67.6579,1.90316,-1.55874,-0.0499389,-0.00814493,0.199645,-0.223209,70.2585,-0.95932,-1.56933,0.105194,-0.0146105,0.199491,
0.9,-4.21999,59.6924,-0.511832,-0.0667714,-0.0269858,-2.33049,0.199491,3.27727,59.7481,-0.593224,-0.0223167,-0.0176292,-2.36393,0.199491,0.450127,58.9766,-0.70902,-0.0665787,0.0546519,-0.771102,0.199491,0.825114,61.3245,1.93155,0.00154418,-0.0216373,-0.823514,0.199491,0.647082,59.3209,1.90922,-1.56119,-0.100533,-0.00825382,0.199645,-0.240687,61.9335,-0.98134,-1.57125,0.238834,-0.0117752,0.199491,
1,-4.27241,50.3835,-0.512851,-0.062898,-0.0336702,-2.33692,0.199491,3.30463,50.4157,-0.583302,-0.0180221,-0.0145433,-2.36194,0.199491,0.455567,49.6464,-0.723191,-0.0869104,0.078584,-0.775857,0.199491,0.831248,52.0032,1.95261,-0.00517946,-0.0103607,-0.814717,0.199491,0.677864,50.0054,1.91532,-1.56445,-0.103133,-0.00794325,0.199645,-0.258006,52.6279,-1.00323,-1.57155,0.284205,-0.00883016,0.199491,
1.1,-4.32384,40.0918,-0.513469,-0.0575286,-0.0386338,-2.34316,0.199491,3.33122,40.1016,-0.572464,-0.0117385,-0.00913845,-2.36003,0.199491,0.460269,39.3356,-0.737512,-0.0852188,0.079565,-0.779686,0.199491,0.837173,41.7016,1.97418,-0.0110793,0.000419327,-0.805376,0.199491,0.708908,39.7092,1.92053,-1.56828,-0.0569502,-0.00751071,0.199645,-0.274867,42.3421,-1.02593,-1.57117,0.266518,-0.00580295,0.199491,
1.2,-4.37411,28.8175,-0.513015,-0.0472548,-0.0381836,-2.34938,0.199491,3.35741,28.8056,-0.560977,-0.0043375,-0.00275816,-2.35811,0.199491,0.464765,28.0444,-0.752434,-0.0641626,0.0609706,-0.782592,0.199491,0.842072,30.4191,1.99596,-0.0131269,0.00746266,-0.795676,0.199491,0.739906,28.4331,1.92468,-1.57246,0.0144397,-0.0069136,0.199645,-0.291192,31.0763,-1.04887,-1.57067,0.16745,-0.00287471,0.199491,
1.3,-4.41997,16.5616,-0.513646,0.0070027,0.00831211,-2.3551,0.199491,3.3807,16.5305,-0.55027,-0.00217294,-0.00172224,-2.35655,0.199491,0.469232,15.7733,-0.764363,0.0229795,-0.023624,-0.784928,0.199491,0.846425,18.1542,2.01416,0.00702004,-0.00789212,-0.787075,0.199491,0.768551,16.1764,1.92787,-1.57544,-0.0243592,-0.00614421,0.199645,-0.30611,18.8278,-1.06842,-1.57071,-0.0580352,-0.000409036,0.199491,
1.4,-4.02814,4.59096,-0.431845,-0.430983,-0.365087,-2.12141,0.199491,3.19541,4.55706,-0.475576,-0.324066,-0.113985,-2.20833,0.199491,0.389843,4.96986,-0.69124,0.00790669,0.0208167,-0.821322,0.199491,0.926945,5.5472,2.34075,-0.0226391,0.00894037,-0.746285,0.199491,0.655713,3.54133,2.03459,-1.59168,0.0814404,-0.0330264,0.199645,-0.331921,6.77926,-0.856605,-1.52807,0.244671,-0.0326337,0.199491,
1.5,-4.66653,8.52321,1.92543,0.0444596,0.31039,-2.28672,0.199491,3.29931,8.0033,0.784003,0.0660447,0.250177,-2.33961,0.199491,-0.0274008,7.22739,0.852569,-0.13356,0.168286,-0.771907,0.199491,0.960913,10.0968,3.96034,0.0213259,0.00630589,-0.844213,0.199491,0.627061,7.59878,3.83291,-1.61791,-0.289173,-0.118317,0.199645,-0.411335,10.6424,0.781143,-1.63324,-0.0111904,-0.154544,0.199491,
1.6,-4.24275,12.4311,4.25966,-0.214645,0.0991392,-2.70035,0.199491,2.2564,11.3638,2.37875,-0.163898,0.293244,-2.68486,0.199491,-0.100574,11.2224,3.24276,-0.27232,0.292219,-1.11974,0.199491,1.05084,13.5477,4.59524,-0.20491,0.261018,-1.15076,0.199491,0.686996,12.1225,5.28049,-1.63479,-0.29728,-0.312893,0.199645,-0.700221,13.6964,2.29538,-1.60188,-0.481424,-0.284662,0.199491,
1.7,-4.75712,15.6625,6.89007,-0.298517,0.628341,-3.05426,0.199491,2.43205,13.3927,3.74992,-0.295805,0.343479,-3.06816,0.199491,-0.562727,13.3275,5.28296,-0.313102,0.382534,-1.49187,0.199491,1.2176,17.1583,5.67117,-0.267901,0.377125,-1.51068,0.199491,1.11065,15.1981,6.98136,-1.54239,-0.702491,-0.49301,0.199645,-1.32137,16.0513,3.39251,-1.51475,-0.687108,-0.533103,0.199491,
1.8,-3.99434,17.5969,8.87818,-0.449885,0.22311,2.89599,0.199491,1.52864,14.9786,5.58801,-0.41588,0.369697,2.83093,0.199491,-0.477479,15.5799,7.39724,-0.507654,0.413337,-1.86152,0.199491,0.806829,18.431,6.47508,-0.436328,0.418934,-1.96073,0.199491,0.902791,17.4736,8.18468,-1.28677,-0.897535,-0.840924,0.199645,-1.47848,17.2508,5.36087,-1.21738,-0.951367,-0.917573,0.199491,
1.9,-4.13924,19.2907,11.159,-0.597543,0.470368,2.42406,0.199491,1.52615,15.2581,7.45122,-0.606957,0.491538,2.4184,0.199491,-0.480719,16.3099,9.52891,-0.657381,0.457182,-2.31721,0.199491,0.622791,19.1575,7.36262,-0.499223,0.573833,-2.23701,0.199491,1.2304,18.4626,9.14959,-0.734519,-1.08246,-1.4634,0.199645,-2.30296,17.4665,7.14902,-0.678772,-1.07607,-1.51394,0.199491,
2,-3.53025,19.5355,12.9233,-0.767853,0.399847,2.08673,0.199491,1.09934,14.7347,9.31034,-0.713505,0.456425,2.04011,0.199491,-0.417156,16.4089,11.5465,-0.805578,0.382461,-2.66334,0.199491,-0.0492835,18.6191,8.30598,-0.688379,0.571538,-2.72397,0.199491,1.05452,18.5368,10.3911,-0.0831175,-0.964264,-2.16417,0.199645,-2.53189,16.859,9.23914,-0.240467,-1.01039,-2.0745,0.199491,
2.1,-3.11158,18.9267,14.4496,-0.839593,0.409268,1.67856,0.199491,0.730726,13.6469,11.41,-0.823898,0.423532,1.65382,0.199491,-0.211111,15.6439,12.9927,-0.906892,0.553469,-3.06807,0.199491,-0.529405,16.6668,9.94618,-0.91046,0.511317,-3.12007,0.199491,0.675391,17.1466,11.2268,0.148635,-0.764051,-2.51493,0.199645,-2.75972,15.5259,11.6074,0.28888,-0.643275,-2.59202,0.199491,
2.2,-2.8652,17.6116,15.8848,-0.65984,0.424018,1.38838,0.199491,0.755674,11.1521,13.3011,-1.01338,0.356447,1.24065,0.199491,0.0149089,13.771,14.85,-1.04014,0.319678,2.81502,0.199491,-1.3314,14.0272,11.2367,-1.11285,0.499669,2.75212,0.199491,0.434294,14.7355,12.2302,0.365904,-0.413738,-2.76814,0.199645,-3.04508,13.2364,14.046,0.408824,-0.270827,-2.79263,0.199491,
2.3,-2.43,14.8436,16.9951,-1.07783,0.217893,0.943914,0.199491,0.571824,7.93008,15.2709,-1.10617,0.272598,0.882944,0.199491,0.188905,10.957,16.3019,-1.17746,0.309468,2.47379,0.199491,-2.16895,10.3191,13.1205,-1.15041,0.287752,2.3876,0.199491,-0.0859225,11.3765,13.4683,0.394856,-0.117178,-2.8928,0.199645,-2.94353,10.1984,16.3084,0.369819,-0.192859,-2.92506,0.199491,
2.4,-2.09555,10.8237,17.9348,-1.19458,0.0633729,0.581045,0.199491,0.327079,4.11921,17.1999,-1.18262,0.156979,0.523274,0.199491,0.0566136,6.90844,17.3567,-1.17125,0.119086,2.13538,0.199491,-2.49698,5.7909,15.4996,-1.25538,0.173936,2.03417,0.199491,-0.863289,6.75105,15.009,0.37265,0.2549,-3.03081,0.199645,-2.62623,6.43657,18.3808,0.392516,0.286981,-3.03362,0.199491,
2.5,-3.53181,10.6933,20.2833,-0.778525,0.854703,0.530997,0.199491,0.0869049,4.90201,16.8951,-1.11169,0.199073,0.342351,0.199491,-0.676865,7.4593,18.0194,-0.891444,0.415748,1.99973,0.199491,-3.55121,6.09882,16.4846,-0.994413,0.457554,1.9543,0.199491,-2.23471,7.40545,15.9073,0.875572,0.573869,-2.59561,0.199645,-2.88484,6.12845,19.7227,0.715152,0.30546,-2.65331,0.199491,
2.6,-4.49775,9.90027,22.4505,-0.714206,0.766438,0.426329,0.199491,-0.625392,6.55926,16.2449,-0.667622,0.968402,0.416484,0.199491,-1.5237,8.69398,18.7115,-0.591824,0.875938,2.07438,0.199491,-4.92508,6.51376,17.2969,-0.764252,0.932868,1.86721,0.199491,-3.93695,8.75688,16.8894,1.19389,0.244606,-2.18892,0.199645,-2.92465,5.9347,20.0908,1.24975,0.309474,-2.21166,0.199491,
2.7,-4.65171,7.59167,23.7777,1.15204,1.27865,1.96503,0.199491,-2.34072,7.87857,16.5508,0.623845,1.3191,1.43888,0.199491,-3.00682,8.51436,19.3524,0.289318,1.18865,2.69939,0.199491,-5.52212,6.36358,18.072,0.238111,1.22846,2.62552,0.199491,-5.47046,8.30981,18.3414,1.58232,-0.0329783,-1.8822,0.199645,-3.0828,5.48702,19.9608,1.69709,-0.000806313,-1.881,0.199491,
2.8,-4.35688,5.02051,24.3416,1.07728,1.18482,1.79481,0.199491,-4.23593,7.98989,17.3191,1.6069,1.12582,2.20865,0.199491,-4.1826,7.52198,20.4532,1.59242,1.12639,-2.48827,0.199491,-6.55839,4.90614,18.8536,1.74444,1.19167,-2.41524,0.199491,-6.81514,6.90479,19.8987,1.90673,-0.411253,-1.69033,0.199645,-3.44863,4.58091,19.751,1.80573,-0.392191,-1.69528,0.199491,
2.9,-3.89175,4.45421,24.2868,2.03741,0.6646,2.8844,0.199491,-5.74221,7.0268,18.1703,2.21717,0.924243,2.87829,0.199491,-4.86942,6.60322,21.1106,2.17637,0.96865,-1.77491,0.199491,-7.40222,4.05696,20.2921,2.12684,0.927083,-2.02563,0.199491,-7.40085,5.96188,21.6687,1.55691,-0.449157,-1.23973,0.199645,-4.72248,3.92834,19.9974,1.56024,-0.428424,-1.34028,0.199491,
3,-3.61178,3.98933,24.2911,2.22743,0.926129,-2.93732,0.199491,-6.57405,7.14519,17.974,2.31762,0.91009,-2.90318,0.199491,-4.93881,6.6378,20.5653,2.34138,0.939747,-1.28289,0.199491,-8.32001,5.06218,20.9035,2.49529,0.904509,-1.25296,0.199491,-7.52133,6.851,21.6664,1.19225,-0.287578,-1.0201,0.199645,-5.56785,3.60336,20.0836,1.125,-0.234988,-1.02633,0.199491,
3.1,-3.5227,4.11093,23.7414,2.38018,0.821326,-2.63021,0.199491,-6.80596,6.87341,18.2746,2.40625,0.873407,-2.62044,0.199491,-5.44584,6.40996,20.2509,2.40655,0.910362,-1.03906,0.199491,-8.06155,5.68565,20.9932,2.62422,0.813596,-0.889404,0.199491,-7.31499,6.91054,21.5148,1.08372,-0.125124,-0.955856,0.199645,-6.0594,3.70285,20.2873,1.04613,-0.151299,-0.899182,0.199491,
3.2,-3.08812,3.99429,23.617,2.1883,0.729491,-2.68015,0.199491,-6.85502,7.07377,18.0415,2.34818,0.728769,-2.65511,0.199491,-4.76638,6.48597,20.3028,2.39141,0.80578,-0.993997,0.199491,-8.20211,5.27742,21.448,2.48555,0.752299,-1.07648,0.199491,-6.88637,7.09573,22.006,1.01703,-0.134885,-0.830082,0.199645,-6.00705,3.67313,20.1057,0.97295,-0.0909266,-0.87828,0.199491,
3.3,-2.91326,4.00415,23.8133,2.16444,0.625904,-2.72565,0.199491,-6.59561,7.12551,18.3443,2.36222,0.767081,-2.66526,0.199491,-4.67039,6.5263,20.5478,2.36515,0.814223,-1.04057,0.199491,-7.93371,5.35844,21.5806,2.43362,0.775976,-1.11168,0.199491,-6.72481,7.06314,22.1514,1.01502,-0.140237,-0.837451,0.199645,-5.74952,3.7489,20.3114,1.04333,-0.166276,-0.875078,0.199491,
3.4,-3.07766,4.06189,23.8525,2.44212,0.846236,-2.59168,0.199491,-6.5516,6.8911,18.5091,2.3859,0.799157,-2.64568,0.199491,-4.92683,6.37175,20.5684,2.42836,0.828977,-1.00953,0.199491,-7.80048,5.44812,21.4754,2.43515,0.825801,-1.08335,0.199491,-6.86561,6.86092,22.0306,1.07156,-0.152732,-0.889651,0.199645,-5.70604,3.694,20.4447,1.08936,-0.183678,-0.874012,0.199491,
3.5,-3.22691,4.04712,24.047,2.3767,0.692343,-2.72721,0.199491,-6.63332,7.0306,18.5001,2.3508,0.784655,-2.71857,0.199491,-4.90518,6.42729,20.6664,2.34782,0.849184,-1.12132,0.199491,-8.01193,5.33696,21.5429,2.4539,0.821459,-1.11981,0.199491,-7.07396,6.86026,22.13,1.0918,-0.212267,-0.903598,0.199645,-5.65475,3.69651,20.4063,1.09215,-0.190427,-0.884503,0.199491,
3.6,-3.2823,4.05605,24.1675,2.35937,0.688662,-2.76447,0.199491,-6.83074,7.09397,18.6145,2.39129,0.808913,-2.73764,0.199491,-4.92608,6.48306,20.8739,2.35923,0.813736,-1.14509,0.199491,-8.21944,5.08252,21.7543,2.33502,0.816945,-1.27915,0.199491,-7.19597,6.81011,22.4451,1.16946,-0.286297,-0.888482,0.199645,-5.72919,3.70045,20.4629,1.22274,-0.291368,-0.909057,0.199491,
3.7,-3.29954,4.0688,24.0899,2.36614,0.666962,-2.75251,0.199491,-7.2271,6.92631,18.9423,2.45455,0.745316,-2.74159,0.199491,-5.33911,6.43002,21.0752,2.46294,0.753828,-1.1111,0.199491,-8.29764,4.85226,21.9446,2.44097,0.751062,-1.2541,0.199491,-7.39398,6.54551,22.6805,1.16925,-0.232687,-0.818309,0.199645,-5.96503,3.66702,20.622,1.17369,-0.23152,-0.839055,0.199491,
3.8,-3.42879,4.23422,24.074,2.46141,0.753447,-2.71635,0.199491,-7.79433,6.80065,19.1366,2.54721,0.692912,-2.75305,0.199491,-5.81409,6.46913,21.2223,2.55919,0.7158,-1.11347,0.199491,-8.54618,4.56124,22.0983,2.63678,0.680082,-1.20524,0.199491,-7.78542,6.33705,22.877,1.2485,-0.226177,-0.772621,0.199645,-6.22958,3.64059,20.7109,1.22849,-0.221142,-0.803338,0.199491,
3.9,-3.5786,4.4999,24.2168,2.45361,0.672834,-2.78314,0.199491,-8.22648,6.86646,19.1474,2.60991,0.684435,-2.7867,0.199491,-6.04117,6.67244,21.336,2.59009,0.716173,-1.16165,0.199491,-8.81892,4.27254,22.204,2.60974,0.690128,-1.30437,0.199491,-8.13256,6.32248,23.0642,1.35004,-0.27895,-0.769025,0.199645,-6.33198,3.71732,20.7052,1.34829,-0.271923,-0.826149,0.199491,
4,-3.80575,4.72118,24.129,2.54297,0.68889,-2.75416,0.199491,-8.47786,6.71852,19.0715,2.66277,0.68078,-2.76725,0.199491,-6.42356,6.66101,21.2108,2.70585,0.719831,-1.10709,0.199491,-8.96689,4.3143,22.0895,2.71927,0.703185,-1.24003,0.199491,-8.42827,6.26759,22.8702,1.40516,-0.252525,-0.786764,0.199645,-6.47778,3.75381,20.6847,1.38954,-0.244259,-0.82376,0.199491,
4.1,-4.0723,4.94039,24.0126,2.67058,0.745852,-2.70024,0.199491,-8.69007,6.55246,18.9684,2.7359,0.719575,-2.72652,0.199491,-6.83988,6.60872,21.0251,2.73498,0.768272,-1.10742,0.199491,-9.12066,4.42997,21.8915,2.8412,0.722981,-1.14815,0.199491,-8.73804,6.1984,22.5811,1.45462,-0.209971,-0.816101,0.199645,-6.62232,3.78982,20.648,1.43419,-0.21656,-0.824122,0.199491,
4.2,-4.31563,5.19467,24.1092,2.74905,0.790134,-2.71084,0.199491,-9.06013,6.55479,18.8163,2.80794,0.752149,-2.73391,0.199491,-7.13798,6.76167,20.9605,2.84848,0.773589,-1.09043,0.199491,-9.38938,4.27449,21.8267,2.84496,0.765227,-1.1957,0.199491,-9.13996,6.18162,22.4998,1.53191,-0.222394,-0.835754,0.199645,-6.71438,3.8618,20.5696,1.51209,-0.220088,-0.849114,0.199491,
4.3,-4.62747,5.41376,24.0669,2.84362,0.797437,-2.69406,0.199491,-9.53176,6.27474,18.8661,2.91319,0.740881,-2.7236,0.199491,-7.58571,6.68951,21.0033,2.89363,0.772,-1.11434,0.199491,-9.58456,3.96621,21.9101,2.90379,0.752392,-1.2303,0.199491,-9.49931,5.92614,22.6083,1.6217,-0.220341,-0.81377,0.199645,-6.95165,3.83138,20.5942,1.5984,-0.211529,-0.836602,0.199491,
4.4,-5.06565,5.68366,24.0121,2.91782,0.717865,-2.71316,0.199491,-10.0993,5.94117,18.9859,3.09302,0.82414,-2.68077,0.199491,-8.17311,6.57391,21.0906,3.02053,0.735498,-1.10167,0.199491,-9.80309,3.61031,22.0151,3.01581,0.720749,-1.23672,0.199491,-9.91221,5.60848,22.7459,1.72782,-0.223666,-0.784455,0.199645,-7.26442,3.83623,20.6262,1.76954,-0.269495,-0.828993,0.199491,
4.5,-5.30741,5.85356,24.1548,2.934,0.65,-2.7592,0.199491,-10.5736,6.02526,18.8707,3.05179,0.696157,-2.74603,0.199491,-8.5488,6.78086,21.0241,3.11824,0.732209,-1.08697,0.199491,-10.1502,3.52591,21.9968,2.98621,0.757155,-1.27961,0.199491,-10.3909,5.63676,22.6822,1.83085,-0.292294,-0.810322,0.199645,-7.42368,3.94747,20.5459,1.77557,-0.243151,-0.825507,0.199491,
4.6,-5.42676,5.88766,24.1062,3.03538,0.770463,-2.70186,0.199491,-10.6743,6.01183,18.7908,-2.99321,0.983655,-2.56013,0.199491,-8.70776,6.75681,20.9058,3.09973,0.760131,-1.10243,0.199491,-10.2924,3.60856,21.8859,-3.08826,0.719928,-1.11929,0.199491,-10.545,5.62284,22.508,1.85538,-0.294991,-0.827076,0.199645,-7.50594,3.96457,20.4933,1.78279,-0.237294,-0.823504,0.199491,
4.7,-5.40132,5.81265,23.9413,3.07127,0.789281,-2.64413,0.199491,-10.4935,5.9147,18.7608,3.097,0.758382,-2.66563,0.199491,-8.67191,6.57369,20.7688,3.07462,0.780536,-1.08227,0.199491,-10.2448,3.83257,21.7552,-3.11363,0.739825,-1.08577,0.199491,-10.439,5.59157,22.3267,1.78441,-0.212948,-0.822169,0.199645,-7.49997,3.87823,20.4844,1.71737,-0.175757,-0.804225,0.199491,
4.8,-5.43318,5.8117,23.9097,3.09867,0.811243,-2.62367,0.199491,-10.4273,5.91128,18.8543,3.1108,0.792022,-2.65496,0.199491,-8.70268,6.50267,20.8162,3.10442,0.765746,-1.06039,0.199491,-10.2148,3.87879,21.742,-3.10124,0.731273,-1.06712,0.199491,-10.3832,5.57547,22.3303,1.72123,-0.151391,-0.81461,0.199645,-7.52382,3.90831,20.5361,1.76892,-0.229593,-0.809838,0.199491,
4.9,-5.31132,5.77435,23.9611,3.02621,0.766994,-2.66295,0.199491,-10.4687,5.93083,18.8868,3.04267,0.684832,-2.70908,0.199491,-8.57252,6.59256,20.9167,3.09632,0.736084,-1.06257,0.199491,-10.1555,3.73318,21.9082,3.13684,0.713811,-1.13029,0.199491,-10.3172,5.61077,22.5361,1.73499,-0.193838,-0.78879,0.199645,-7.49338,3.87161,20.549,1.70236,-0.181322,-0.793546,0.199491,
5,-5.20114,5.74329,24.0273,2.97929,0.75538,-2.688,0.199491,-10.4915,5.97173,19.0107,3.02208,0.650144,-2.74024,0.199491,-8.44809,6.66593,21.0898,3.06187,0.708391,-1.09075,0.199491,-10.0535,3.56653,22.0939,3.0489,0.698581,-1.22278,0.199491,-10.2032,5.62629,22.805,1.76262,-0.257187,-0.765784,0.199645,-7.4725,3.86661,20.6005,1.74719,-0.246495,-0.797244,0.199491,
5.1,-5.14208,5.72434,24.0628,2.90539,0.662765,-2.73228,0.199491,-10.5019,5.98746,19.0788,3.0229,0.648734,-2.74673,0.199491,-8.38212,6.69929,21.1747,3.06527,0.687441,-1.09013,0.199491,-10.001,3.49189,22.1872,3.03565,0.681558,-1.24596,0.199491,-10.144,5.62857,22.943,1.7364,-0.247146,-0.745516,0.199645,-7.45876,3.85631,20.6326,1.72879,-0.239247,-0.78952,0.199491,
5.2,-5.18098,5.72003,24.0004,2.95063,0.709369,-2.698,0.199491,-10.447,5.95334,19.0448,3.02222,0.653235,-2.73202,0.199491,-8.42711,6.62575,21.0996,3.02657,0.717011,-1.10488,0.199491,-10.0269,3.59796,22.1057,3.09344,0.680687,-1.18717,0.199491,-10.1557,5.62042,22.8131,1.73761,-0.233652,-0.757937,0.199645,-7.47356,3.84963,20.6246,1.71806,-0.222859,-0.786427,0.199491,
5.3,-5.2752,5.73824,23.9269,2.99809,0.729213,-2.66831,0.199491,-10.3978,5.91094,18.9765,3.04563,0.695042,-2.6989,0.199491,-8.53595,6.53383,20.9696,3.08117,0.727291,-1.06119,0.199491,-10.0945,3.76128,21.9495,-3.12343,0.690423,-1.1092,0.199491,-10.2231,5.60107,22.5916,1.7404,-0.205509,-0.783072,0.199645,-7.4999,3.85632,20.6021,1.71494,-0.204229,-0.787464,0.199491,
5.4,-5.33096,5.75606,23.904,2.99998,0.705399,-2.67152,0.199491,-10.3885,5.89686,18.9448,3.08712,0.75454,-2.66522,0.199491,-8.59965,6.49887,20.9077,3.08203,0.744915,-1.06072,0.199491,-10.1341,3.8357,21.8687,-3.11686,0.706108,-1.08793,0.199491,-10.27,5.58708,22.4861,1.75018,-0.198157,-0.798228,0.199645,-7.51332,3.86601,20.5909,1.72039,-0.200326,-0.789985,0.199491,
5.5,-5.28413,5.74346,23.931,2.9854,0.707141,-2.67835,0.199491,-10.4003,5.91175,18.9732,3.06267,0.721316,-2.68815,0.199491,-8.54546,6.53389,20.9655,3.03683,0.747693,-1.09222,0.199491,-10.1024,3.76701,21.9429,3.12981,0.704361,-1.1272,0.199491,-10.2333,5.60017,22.5818,1.74063,-0.203509,-0.784974,0.199645,-7.50098,3.86022,20.6025,1.71918,-0.206752,-0.789018,0.199491,
5.6,-5.19251,5.7233,24.001,2.9515,0.707326,-2.69829,0.199491,-10.443,5.95129,19.0397,3.03019,0.668472,-2.72632,0.199491,-8.43796,6.62023,21.0921,3.07432,0.701558,-1.07383,0.199491,-10.035,3.61002,22.0943,3.05981,0.694441,-1.20609,0.199491,-10.1648,5.61924,22.796,1.73759,-0.230711,-0.760711,0.199645,-7.47566,3.85194,20.6254,1.72602,-0.228889,-0.789236,0.199491,
5.7,-5.1441,5.71718,24.0531,2.9262,0.698915,-2.71632,0.199491,-10.4819,5.98103,19.0866,3.0214,0.649592,-2.74497,0.199491,-8.37993,6.68014,21.1741,3.03939,0.697446,-1.10403,0.199491,-9.99538,3.50721,22.1822,3.02604,0.684224,-1.24869,0.199491,-10.1308,5.62481,22.9339,1.73977,-0.2506,-0.747423,0.199645,-7.46088,3.8516,20.6389,1.73286,-0.244316,-0.790257,0.199491,
5.8,-5.17786,5.71942,24.0121,2.95229,0.718173,-2.69739,0.199491,-10.4522,5.95844,19.0539,3.01911,0.648369,-2.73628,0.199491,-8.4198,6.63408,21.1153,3.02372,0.715736,-1.10823,0.199491,-10.022,3.58189,22.1195,3.0705,0.685173,-1.20508,0.199491,-10.1519,5.62071,22.8347,1.74103,-0.239855,-0.757192,0.199645,-7.47259,3.85027,20.6291,1.72912,-0.23484,-0.789524,0.199491,
5.9,-5.26504,5.73474,23.939,2.99825,0.73774,-2.6676,0.199491,-10.4022,5.91647,18.9873,3.03854,0.68499,-2.70591,0.199491,-8.52109,6.54463,20.9902,3.08122,0.722963,-1.06203,0.199491,-10.0859,3.73907,21.9721,3.13939,0.693667,-1.1272,0.199491,-10.2135,5.60404,22.6225,1.7396,-0.209198,-0.779934,0.199645,-7.49763,3.8552,20.6076,1.72141,-0.212841,-0.789171,0.199491,
6,-5.32731,5.75303,23.9087,3.0016,0.711994,-2.66967,0.199491,-10.3884,5.8981,18.9502,3.07851,0.743971,-2.67168,0.199491,-8.59265,6.50139,20.9176,3.05774,0.752758,-1.07698,0.199491,-10.1306,3.82698,21.8793,-3.12863,0.708742,-1.09758,0.199491,-10.2648,5.58893,22.4998,1.74229,-0.192658,-0.795566,0.199645,-7.51337,3.86458,20.5947,1.72178,-0.202854,-0.790613,0.199491,
6.1,-5.29457,5.74446,23.9279,2.98775,0.707522,-2.6769,0.199491,-10.3967,5.90848,18.9697,3.06129,0.719973,-2.6877,0.199491,-8.55539,6.5262,20.9576,3.04969,0.745511,-1.08296,0.199491,-10.1091,3.77937,21.9311,3.12859,0.70769,-1.12524,0.199491,-10.2399,5.59814,22.5663,1.74002,-0.200432,-0.787241,0.199645,-7.50481,3.86074,20.6029,1.72014,-0.206477,-0.78977,0.199491,
6.2,-5.20889,5.72554,23.9917,2.95758,0.709736,-2.69437,0.199491,-10.4367,5.94498,19.0299,3.0336,0.675233,-2.72144,0.199491,-8.45534,6.60658,21.0743,3.06382,0.710616,-1.07928,0.199491,-10.0473,3.63372,22.073,3.06893,0.696761,-1.1953,0.199491,-10.1766,5.61703,22.7643,1.73919,-0.227901,-0.7648,0.199645,-7.48177,3.85274,20.6234,1.72572,-0.226323,-0.789697,0.199491,
6.3,-5.15261,5.71721,24.049,2.92846,0.699894,-2.71452,0.199491,-10.4786,5.97747,19.081,3.02329,0.65387,-2.74225,0.199491,-8.3879,6.67331,21.1655,3.02464,0.705335,-1.11257,0.199491,-10.0022,3.51866,22.1729,3.02682,0.686458,-1.24591,0.199491,-10.137,5.62432,22.9188,1.73993,-0.248761,-0.749305,0.199645,-7.46487,3.85108,20.6385,1.73302,-0.243395,-0.79077,0.199491,
6.4,-5.17343,5.71818,24.0224,2.94682,0.71539,-2.70118,0.199491,-10.4602,5.96317,19.0607,3.02069,0.650949,-2.73744,0.199491,-8.41282,6.64417,21.1287,3.03751,0.707915,-1.10031,0.199491,-10.0187,3.56534,22.1338,3.06401,0.68435,-1.21267,0.199491,-10.1498,5.6218,22.857,1.73877,-0.240192,-0.754807,0.199645,-7.47265,3.84991,20.6322,1.72929,-0.236289,-0.789854,0.199491,
6.5,-5.25278,5.73047,23.9505,2.99464,0.741421,-2.6692,0.199491,-10.4099,5.92231,18.9976,3.03415,0.678106,-2.71124,0.199491,-8.50493,6.55779,21.0109,3.06807,0.723332,-1.07148,0.199491,-10.0772,3.71384,21.9972,3.13561,0.689874,-1.13524,0.199491,-10.2041,5.60744,22.6571,1.73814,-0.212776,-0.775911,0.199645,-7.49607,3.853,20.612,1.72053,-0.214563,-0.789021,0.199491,
6.6,-5.32102,5.74935,23.9137,3.00167,0.717358,-2.66867,0.199491,-10.3909,5.90014,18.9551,3.07247,0.73611,-2.67665,0.199491,-8.58357,6.50696,20.9284,3.04979,0.753087,-1.08213,0.199491,-10.1263,3.81457,21.893,-3.12748,0.705418,-1.09966,0.199491,-10.2592,5.5914,22.5176,1.74126,-0.19445,-0.793422,0.199645,-7.51353,3.86237,20.5975,1.71957,-0.202251,-0.790299,0.199491,
6.7,-5.30444,5.74545,23.9247,2.99028,0.708585,-2.67537,0.199491,-10.3956,5.90574,18.9653,3.06555,0.726611,-2.68371,0.199491,-8.56509,6.52042,20.9493,3.0723,0.738937,-1.06724,0.199491,-10.116,3.78991,21.9201,3.1382,0.706699,-1.11664,0.199491,-10.2473,5.59633,22.5521,1.74089,-0.199102,-0.789399,0.199645,-7.50909,3.86091,20.6022,1.71986,-0.205104,-0.790147,0.199491,
6.8,-5.22619,5.72813,23.9815,2.96194,0.708685,-2.69165,0.199491,-10.4303,5.93816,19.0189,3.03918,0.685384,-2.71495,0.199491,-8.47388,6.59216,21.0546,3.04662,0.722691,-1.08925,0.199491,-10.0604,3.65925,22.0495,3.07954,0.698996,-1.1831,0.199491,-10.1896,5.61447,22.7298,1.74,-0.223852,-0.769007,0.199645,-7.48789,3.85353,20.6209,1.72359,-0.221727,-0.789756,0.199491,
6.9,-5.16253,5.71721,24.0415,2.93206,0.701503,-2.71164,0.199491,-10.4729,5.97241,19.0738,3.02388,0.655991,-2.73966,0.199491,-8.39807,6.66319,21.1535,3.03805,0.703096,-1.10245,0.199491,-10.0101,3.53484,22.1598,3.03667,0.686973,-1.23638,0.199491,-10.1437,5.62356,22.8977,1.73971,-0.245869,-0.751582,0.199645,-7.46938,3.85046,20.6375,1.73181,-0.240916,-0.790835,0.199491,
7,-5.16931,5.71714,24.0318,2.9404,0.710282,-2.7056,0.199491,-10.4669,5.96738,19.0676,3.02082,0.651039,-2.73926,0.199491,-8.40643,6.65291,21.1412,3.05738,0.697796,-1.08851,0.199491,-10.0154,3.55063,22.1468,3.05704,0.683892,-1.22017,0.199491,-10.1474,5.62263,22.8772,1.73853,-0.242328,-0.753091,0.199645,-7.47242,3.84974,20.6354,1.73019,-0.238305,-0.790307,0.199491,
7.1,-5.23901,5.72666,23.9643,2.98483,0.736623,-2.67524,0.199491,-10.4192,5.92929,19.0098,3.02934,0.670037,-2.7173,0.199491,-8.48736,6.57308,21.0344,3.04632,0.726619,-1.08703,0.199491,-10.0674,3.68578,22.0251,3.12544,0.687901,-1.14792,0.199491,-10.1942,5.6109,22.696,1.73833,-0.218361,-0.771883,0.199645,-7.49359,3.85129,20.6172,1.72047,-0.217205,-0.788996,0.199491,
7.2,-5.31127,5.74488,23.9201,3.00124,0.72337,-2.66782,0.199491,-10.3931,5.90307,18.9625,3.06404,0.72488,-2.68359,0.199491,-8.57075,6.51423,20.9432,3.06603,0.742916,-1.07085,0.199491,-10.1191,3.79804,21.9112,-3.12711,0.701412,-1.10319,0.199491,-10.2502,5.59453,22.5413,1.74017,-0.197109,-0.790574,0.199645,-7.51233,3.85998,20.6012,1.71975,-0.204484,-0.790381,0.199491,
7.3,-5.31265,5.74646,23.9229,2.99209,0.709276,-2.67439,0.199491,-10.395,5.90388,18.9625,3.06894,0.731912,-2.68066,0.199491,-8.57281,6.51594,20.9437,3.07931,0.737975,-1.06232,0.199491,-10.1213,3.79772,21.9119,-3.13677,0.705579,-1.10954,0.199491,-10.2532,5.59477,22.5416,1.7408,-0.197355,-0.790939,0.199645,-7.5125,3.86128,20.602,1.72054,-0.204891,-0.790677,0.199491,
7.4,-5.2441,5.73088,23.9709,2.96717,0.708481,-2.68839,0.199491,-10.423,5.93106,19.0081,3.04339,0.693044,-2.7092,0.199491,-8.49322,6.5767,21.0343,3.03944,0.730937,-1.09274,0.199491,-10.0733,3.68618,22.0245,3.09219,0.700725,-1.16921,0.199491,-10.2025,5.61142,22.6939,1.73989,-0.218603,-0.773253,0.199645,-7.49396,3.85456,20.6186,1.72195,-0.217519,-0.789927,0.199491,
7.5,-5.17462,5.71799,24.0316,2.93641,0.702304,-2.70834,0.199491,-10.465,5.96597,19.0647,3.02418,0.657742,-2.73664,0.199491,-8.41122,6.65005,21.1375,3.05847,0.698911,-1.08753,0.199491,-10.0198,3.5564,22.1422,3.04523,0.688807,-1.22654,0.199491,-10.1518,5.62245,22.8696,1.73942,-0.241926,-0.754576,0.199645,-7.474,3.85026,20.636,1.72989,-0.237265,-0.790724,0.199491,
7.6,-5.16657,5.71658,24.0392,2.93477,0.704887,-2.70951,0.199491,-10.4718,5.97047,19.0729,3.02063,0.65069,-2.74079,0.199491,-8.40181,6.65912,21.1508,3.05039,0.699013,-1.09385,0.199491,-10.013,3.54001,22.1565,3.04905,0.684425,-1.22744,0.199491,-10.1459,5.62314,22.8921,1.73932,-0.244827,-0.752147,0.199645,-7.47208,3.84976,20.6382,1.73075,-0.239626,-0.790667,0.199491,
7.7,-5.22426,5.72337,23.9796,2.97378,0.730045,-2.68236,0.199491,-10.4293,5.93716,19.0229,3.02595,0.663934,-2.72286,0.199491,-8.46913,6.58995,21.0592,3.03801,0.724246,-1.09397,0.199491,-10.0568,3.65579,22.054,3.1134,0.686238,-1.16212,0.199491,-10.1839,5.6142,22.7371,1.7388,-0.224382,-0.767757,0.199645,-7.49033,3.85015,20.6225,1.72233,-0.221759,-0.789352,0.199491,
7.8,-5.29803,5.74012,23.9289,2.9987,0.727658,-2.66839,0.199491,-10.3966,5.90738,18.9719,3.05327,0.709303,-2.69258,0.199491,-8.55413,6.52451,20.9616,3.07577,0.734236,-1.06443,0.199491,-10.1094,3.77676,21.9342,-3.13191,0.698423,-1.11111,0.199491,-10.2389,5.59813,22.5716,1.73976,-0.201293,-0.787078,0.199645,-7.50959,3.85743,20.6055,1.71977,-0.206962,-0.790339,0.199491,
7.9,-5.31757,5.74698,23.9225,2.99387,0.711154,-2.67335,0.199491,-10.3951,5.9031,18.9615,3.07067,0.734605,-2.67918,0.199491,-8.57683,6.51368,20.9414,3.05882,0.747214,-1.07618,0.199491,-10.1241,3.80148,21.908,-3.13069,0.704246,-1.10473,0.199491,-10.2564,5.59382,22.5367,1.74155,-0.197298,-0.791884,0.199645,-7.51457,3.8614,20.6022,1.72069,-0.204597,-0.790987,0.199491,
8,-5.2616,5.73365,23.9599,2.97384,0.710535,-2.68423,0.199491,-10.4154,5.92404,18.9978,3.04731,0.699963,-2.70365,0.199491,-8.51228,6.56123,21.0138,3.0579,0.729113,-1.07921,0.199491,-10.0855,3.71314,21.9988,3.10902,0.700827,-1.15252,0.199491,-10.2146,5.6079,22.6581,1.73994,-0.213515,-0.777533,0.199645,-7.49957,3.85558,20.6159,1.72188,-0.214889,-0.790387,0.199491,
8.1,-5.18952,5.71975,24.0201,2.94116,0.701834,-2.70495,0.199491,-10.4557,5.95834,19.0534,3.02697,0.663838,-2.73155,0.199491,-8.42765,6.63446,21.1174,3.04813,0.708034,-1.09234,0.199491,-10.0315,3.58309,22.1198,3.0504,0.692714,-1.21775,0.199491,-10.1623,5.62082,22.8344,1.73934,-0.237098,-0.75844,0.199645,-7.47895,3.85049,20.6338,1.72838,-0.233386,-0.790801,0.199491,
8.2,-5.16667,5.71641,24.0432,2.93286,0.703436,-2.71089,0.199491,-10.4739,5.97181,19.0753,3.02171,0.652847,-2.74077,0.199491,-8.40062,6.66161,21.1552,3.03181,0.705752,-1.10625,0.199491,-10.0129,3.53569,22.1606,3.04642,0.684619,-1.23002,0.199491,-10.1461,5.62331,22.8983,1.73929,-0.245388,-0.751853,0.199645,-7.4725,3.84991,20.6399,1.73132,-0.240426,-0.791056,0.199491,
8.3,-5.20974,5.72063,23.9958,2.96238,0.722498,-2.68992,0.199491,-10.4394,5.94528,19.0363,3.02307,0.658444,-2.7282,0.199491,-8.45134,6.60723,21.084,3.05513,0.712152,-1.08437,0.199491,-10.046,3.62597,22.0822,3.09594,0.686389,-1.17964,0.199491,-10.1739,5.6171,22.7782,1.73825,-0.229139,-0.76361,0.199645,-7.48648,3.84939,20.628,1.72455,-0.226529,-0.789857,0.199491,
8.4,-5.2823,5.73508,23.9399,2.99495,0.73126,-2.66979,0.199491,-10.4026,5.91301,18.9837,3.04389,0.695077,-2.70109,0.199491,-8.53497,6.53741,20.984,3.05511,0.736914,-1.07873,0.199491,-10.0982,3.75082,21.962,-3.13588,0.694126,-1.11951,0.199491,-10.2262,5.60222,22.6085,1.73892,-0.20595,-0.782691,0.199645,-7.50646,3.85484,20.6106,1.71895,-0.209039,-0.78995,0.199491,
8.5,-5.31783,5.74627,23.9243,2.99298,0.710865,-2.67376,0.199491,-10.3961,5.9033,18.9628,3.06973,0.733391,-2.6799,0.199491,-8.57624,6.51454,20.9438,3.0598,0.746517,-1.07542,0.199491,-10.1243,3.79963,21.9107,-3.12883,0.703207,-1.10395,0.199491,-10.2566,5.59415,22.5401,1.74121,-0.197343,-0.791637,0.199645,-7.51554,3.86087,20.6037,1.72033,-0.204431,-0.791049,0.199491,
8.6,-5.27774,5.73632,23.9501,2.97923,0.711038,-2.68094,0.199491,-10.409,5.91762,18.9885,3.05127,0.706544,-2.69832,0.199491,-8.53011,6.54716,20.995,3.06982,0.729328,-1.07015,0.199491,-10.0968,3.73783,21.9752,3.1248,0.700584,-1.13692,0.199491,-10.226,5.60448,22.6255,1.7398,-0.208593,-0.781433,0.199645,-7.50481,3.85657,20.6137,1.7211,-0.211732,-0.790598,0.199491,
8.7,-5.20712,5.72216,24.0069,2.94896,0.704745,-2.69968,0.199491,-10.4455,5.9498,19.0409,3.03069,0.671489,-2.7255,0.199491,-8.44732,6.61651,21.0945,3.03802,0.717749,-1.09705,0.199491,-10.045,3.61374,22.0935,3.06456,0.694767,-1.20233,0.199491,-10.1748,5.6185,22.7941,1.73943,-0.231694,-0.762925,0.199645,-7.48481,3.85113,20.6313,1.72638,-0.228671,-0.790752,0.199491,
8.8,-5.17027,5.7167,24.0436,2.9319,0.700901,-2.71151,0.199491,-10.4727,5.97069,19.0744,3.02195,0.653727,-2.74015,0.199491,-8.40395,6.65941,21.1536,3.05119,0.699176,-1.09344,0.199491,-10.0157,3.53969,22.1583,3.04451,0.686152,-1.23043,0.199491,-10.1489,5.62318,22.894,1.73937,-0.24466,-0.752673,0.199645,-7.47394,3.85002,20.6412,1.73158,-0.240226,-0.7914,0.199491,
8.9,-5.19726,5.7188,24.012,2.95199,0.71528,-2.69707,0.199491,-10.45,5.95322,19.0494,3.02182,0.655623,-2.73247,0.199491,-8.43583,6.62369,21.1076,3.05262,0.708356,-1.0879,0.199491,-10.0366,3.59804,22.1084,3.08081,0.686077,-1.1952,0.199491,-10.1658,5.6194,22.8167,1.73884,-0.234538,-0.76009,0.199645,-7.48307,3.84917,20.6335,1.72649,-0.230706,-0.790335,0.199491,
9,-5.2649,5.73035,23.9541,2.98898,0.732769,-2.67292,0.199491,-10.4111,5.92029,18.9977,3.03563,0.681797,-2.70952,0.199491,-8.51415,6.55356,21.0103,3.04944,0.73281,-1.08343,0.199491,-10.0859,3.72033,21.9939,-3.14072,0.689439,-1.12944,0.199491,-10.2131,5.60653,22.6517,1.73865,-0.211832,-0.777849,0.199645,-7.50287,3.85268,20.6166,1.71964,-0.212875,-0.78983,0.199491,
