tgDataLogger2 started logging at time 01232019_205721, with 6 sensors on 1 senseable objects.
time,0_rod(rod compound_Gp6g6N).X,0_rod(rod compound_Gp6g6N).Y,0_rod(rod compound_Gp6g6N).Z,0_rod(rod compound_Gp6g6N).Euler1,0_rod(rod compound_Gp6g6N).Euler2,0_rod(rod compound_Gp6g6N).Euler3,0_rod(rod compound_Gp6g6N).mass,1_rod(rod compound_Gp6g6N).X,1_rod(rod compound_Gp6g6N).Y,1_rod(rod compound_Gp6g6N).Z,1_rod(rod compound_Gp6g6N).Euler1,1_rod(rod compound_Gp6g6N).Euler2,1_rod(rod compound_Gp6g6N).Euler3,1_rod(rod compound_Gp6g6N).mass,2_rod(rod compound_Gp6g6N).X,2_rod(rod compound_Gp6g6N).Y,2_rod(rod compound_Gp6g6N).Z,2_rod(rod compound_Gp6g6N).Euler1,2_rod(rod compound_Gp6g6N).Euler2,2_rod(rod compound_Gp6g6N).Euler3,2_rod(rod compound_Gp6g6N).mass,3_rod(strut compound_Gp6g6N).X,3_rod(strut compound_Gp6g6N).Y,3_rod(strut compound_Gp6g6N).Z,3_rod(strut compound_Gp6g6N).Euler1,3_rod(strut compound_Gp6g6N).Euler2,3_rod(strut compound_Gp6g6N).Euler3,3_rod(strut compound_Gp6g6N).mass,4_rod(strut compound_Gp6g6N).X,4_rod(strut compound_Gp6g6N).Y,4_rod(strut compound_Gp6g6N).Z,4_rod(strut compound_Gp6g6N).Euler1,4_rod(strut compound_Gp6g6N).Euler2,4_rod(strut compound_Gp6g6N).Euler3,4_rod(strut compound_Gp6g6N).mass,5_rod(strut compound_Gp6g6N).X,5_rod(strut compound_Gp6g6N).Y,5_rod(strut compound_Gp6g6N).Z,5_rod(strut compound_Gp6g6N).Euler1,5_rod(strut compound_Gp6g6N).Euler2,5_rod(strut compound_Gp6g6N).Euler3,5_rod(strut compound_Gp6g6N).mass,
0.1,2.04647,15.6945,3.95237,-0.00967435,-0.00213992,-0.00152281,45.0463,2.04647,15.6945,3.95237,-0.00967435,-0.00213992,-0.00152281,45.0463,2.04647,15.6945,3.95237,-0.00967435,-0.00213992,-0.00152281,45.0463,2.04647,15.6945,3.95237,-0.00967435,-0.00213992,-0.00152281,45.0463,2.04647,15.6945,3.95237,-0.00967435,-0.00213992,-0.00152281,45.0463,2.04647,15.6945,3.95237,-0.00967435,-0.00213992,-0.00152281,45.0463,
0.2,2.08923,20.0399,3.93775,-0.0192084,-0.00543339,-0.00275344,45.0463,2.08923,20.0399,3.93775,-0.0192084,-0.00543339,-0.00275344,45.0463,2.08923,20.0399,3.93775,-0.0192084,-0.00543339,-0.00275344,45.0463,2.08923,20.0399,3.93775,-0.0192084,-0.00543339,-0.00275344,45.0463,2.08923,20.0399,3.93775,-0.0192084,-0.00543339,-0.00275344,45.0463,2.08923,20.0399,3.93775,-0.0192084,-0.00543339,-0.00275344,45.0463,
0.3,2.132,23.4042,3.92314,-0.0287344,-0.00873858,-0.00398344,45.0463,2.132,23.4042,3.92314,-0.0287344,-0.00873858,-0.00398344,45.0463,2.132,23.4042,3.92314,-0.0287344,-0.00873858,-0.00398344,45.0463,2.132,23.4042,3.92314,-0.0287344,-0.00873858,-0.00398344,45.0463,2.132,23.4042,3.92314,-0.0287344,-0.00873858,-0.00398344,45.0463,2.132,23.4042,3.92314,-0.0287344,-0.00873858,-0.00398344,45.0463,
0.4,2.17477,25.7876,3.90853,-0.0382524,-0.0120555,-0.00521275,45.0463,2.17477,25.7876,3.90853,-0.0382524,-0.0120555,-0.00521275,45.0463,2.17477,25.7876,3.90853,-0.0382524,-0.0120555,-0.00521275,45.0463,2.17477,25.7876,3.90853,-0.0382524,-0.0120555,-0.00521275,45.0463,2.17477,25.7876,3.90853,-0.0382524,-0.0120555,-0.00521275,45.0463,2.17477,25.7876,3.90853,-0.0382524,-0.0120555,-0.00521275,45.0463,
0.5,2.21754,27.1899,3.89391,-0.0477624,-0.015384,-0.0064413,45.0463,2.21754,27.1899,3.89391,-0.0477624,-0.015384,-0.0064413,45.0463,2.21754,27.1899,3.89391,-0.0477624,-0.015384,-0.0064413,45.0463,2.21754,27.1899,3.89391,-0.0477624,-0.015384,-0.0064413,45.0463,2.21754,27.1899,3.89391,-0.0477624,-0.015384,-0.0064413,45.0463,2.21754,27.1899,3.89391,-0.0477624,-0.015384,-0.0064413,45.0463,
0.6,2.2603,27.6112,3.8793,-0.0572643,-0.0187242,-0.00766902,45.0463,2.2603,27.6112,3.8793,-0.0572643,-0.0187242,-0.00766902,45.0463,2.2603,27.6112,3.8793,-0.0572643,-0.0187242,-0.00766902,45.0463,2.2603,27.6112,3.8793,-0.0572643,-0.0187242,-0.00766902,45.0463,2.2603,27.6112,3.8793,-0.0572643,-0.0187242,-0.00766902,45.0463,2.2603,27.6112,3.8793,-0.0572643,-0.0187242,-0.00766902,45.0463,
0.7,2.30307,27.0516,3.86469,-0.0667581,-0.022076,-0.00889583,45.0463,2.30307,27.0516,3.86469,-0.0667581,-0.022076,-0.00889583,45.0463,2.30307,27.0516,3.86469,-0.0667581,-0.022076,-0.00889583,45.0463,2.30307,27.0516,3.86469,-0.0667581,-0.022076,-0.00889583,45.0463,2.30307,27.0516,3.86469,-0.0667581,-0.022076,-0.00889583,45.0463,2.30307,27.0516,3.86469,-0.0667581,-0.022076,-0.00889583,45.0463,
0.8,2.34584,25.5109,3.85008,-0.0762439,-0.0254394,-0.0101217,45.0463,2.34584,25.5109,3.85008,-0.0762439,-0.0254394,-0.0101217,45.0463,2.34584,25.5109,3.85008,-0.0762439,-0.0254394,-0.0101217,45.0463,2.34584,25.5109,3.85008,-0.0762439,-0.0254394,-0.0101217,45.0463,2.34584,25.5109,3.85008,-0.0762439,-0.0254394,-0.0101217,45.0463,2.34584,25.5109,3.85008,-0.0762439,-0.0254394,-0.0101217,45.0463,
0.9,2.3886,22.9892,3.83546,-0.0857217,-0.0288144,-0.0113465,45.0463,2.3886,22.9892,3.83546,-0.0857217,-0.0288144,-0.0113465,45.0463,2.3886,22.9892,3.83546,-0.0857217,-0.0288144,-0.0113465,45.0463,2.3886,22.9892,3.83546,-0.0857217,-0.0288144,-0.0113465,45.0463,2.3886,22.9892,3.83546,-0.0857217,-0.0288144,-0.0113465,45.0463,2.3886,22.9892,3.83546,-0.0857217,-0.0288144,-0.0113465,45.0463,
1,2.43137,19.4866,3.82085,-0.0951914,-0.0322009,-0.0125702,45.0463,2.43137,19.4866,3.82085,-0.0951914,-0.0322009,-0.0125702,45.0463,2.43137,19.4866,3.82085,-0.0951914,-0.0322009,-0.0125702,45.0463,2.43137,19.4866,3.82085,-0.0951914,-0.0322009,-0.0125702,45.0463,2.43137,19.4866,3.82085,-0.0951914,-0.0322009,-0.0125702,45.0463,2.43137,19.4866,3.82085,-0.0951914,-0.0322009,-0.0125702,45.0463,
1.1,2.47414,15.0029,3.80624,-0.104653,-0.0355989,-0.0137927,45.0463,2.47414,15.0029,3.80624,-0.104653,-0.0355989,-0.0137927,45.0463,2.47414,15.0029,3.80624,-0.104653,-0.0355989,-0.0137927,45.0463,2.47414,15.0029,3.80624,-0.104653,-0.0355989,-0.0137927,45.0463,2.47414,15.0029,3.80624,-0.104653,-0.0355989,-0.0137927,45.0463,2.47414,15.0029,3.80624,-0.104653,-0.0355989,-0.0137927,45.0463,
1.2,2.5588,10.6126,3.78631,-0.118209,-0.0394647,-0.0156373,45.0463,2.5588,10.6126,3.78631,-0.118209,-0.0394647,-0.0156373,45.0463,2.5588,10.6126,3.78631,-0.118209,-0.0394647,-0.0156373,45.0463,2.5588,10.6126,3.78631,-0.118209,-0.0394647,-0.0156373,45.0463,2.5588,10.6126,3.78631,-0.118209,-0.0394647,-0.0156373,45.0463,2.5588,10.6126,3.78631,-0.118209,-0.0394647,-0.0156373,45.0463,
1.3,2.86892,11.0025,3.73775,-0.153179,-0.0458443,-0.0207337,45.0463,2.86892,11.0025,3.73775,-0.153179,-0.0458443,-0.0207337,45.0463,2.86892,11.0025,3.73775,-0.153179,-0.0458443,-0.0207337,45.0463,2.86892,11.0025,3.73775,-0.153179,-0.0458443,-0.0207337,45.0463,2.86892,11.0025,3.73775,-0.153179,-0.0458443,-0.0207337,45.0463,2.86892,11.0025,3.73775,-0.153179,-0.0458443,-0.0207337,45.0463,
1.4,3.17921,10.4133,3.68917,-0.188141,-0.0523995,-0.0258119,45.0463,3.17921,10.4133,3.68917,-0.188141,-0.0523995,-0.0258119,45.0463,3.17921,10.4133,3.68917,-0.188141,-0.0523995,-0.0258119,45.0463,3.17921,10.4133,3.68917,-0.188141,-0.0523995,-0.0258119,45.0463,3.17921,10.4133,3.68917,-0.188141,-0.0523995,-0.0258119,45.0463,3.17921,10.4133,3.68917,-0.188141,-0.0523995,-0.0258119,45.0463,
1.5,3.64504,10.3428,3.61921,-0.240403,-0.0595394,-0.0331648,45.0463,3.64504,10.3428,3.61921,-0.240403,-0.0595394,-0.0331648,45.0463,3.64504,10.3428,3.61921,-0.240403,-0.0595394,-0.0331648,45.0463,3.64504,10.3428,3.61921,-0.240403,-0.0595394,-0.0331648,45.0463,3.64504,10.3428,3.61921,-0.240403,-0.0595394,-0.0331648,45.0463,3.64504,10.3428,3.61921,-0.240403,-0.0595394,-0.0331648,45.0463,
1.6,4.24292,10.213,3.53107,-0.307808,-0.067868,-0.0424926,45.0463,4.24292,10.213,3.53107,-0.307808,-0.067868,-0.0424926,45.0463,4.24292,10.213,3.53107,-0.307808,-0.067868,-0.0424926,45.0463,4.24292,10.213,3.53107,-0.307808,-0.067868,-0.0424926,45.0463,4.24292,10.213,3.53107,-0.307808,-0.067868,-0.0424926,45.0463,4.24292,10.213,3.53107,-0.307808,-0.067868,-0.0424926,45.0463,
1.7,5.01324,9.97983,3.41892,-0.396364,-0.0780746,-0.0544059,45.0463,5.01324,9.97983,3.41892,-0.396364,-0.0780746,-0.0544059,45.0463,5.01324,9.97983,3.41892,-0.396364,-0.0780746,-0.0544059,45.0463,5.01324,9.97983,3.41892,-0.396364,-0.0780746,-0.0544059,45.0463,5.01324,9.97983,3.41892,-0.396364,-0.0780746,-0.0544059,45.0463,5.01324,9.97983,3.41892,-0.396364,-0.0780746,-0.0544059,45.0463,
1.8,5.99569,9.56493,3.27718,-0.51353,-0.0913971,-0.0694761,45.0463,5.99569,9.56493,3.27718,-0.51353,-0.0913971,-0.0694761,45.0463,5.99569,9.56493,3.27718,-0.51353,-0.0913971,-0.0694761,45.0463,5.99569,9.56493,3.27718,-0.51353,-0.0913971,-0.0694761,45.0463,5.99569,9.56493,3.27718,-0.51353,-0.0913971,-0.0694761,45.0463,5.99569,9.56493,3.27718,-0.51353,-0.0913971,-0.0694761,45.0463,
1.9,7.21005,8.83765,3.10305,-0.668848,-0.109844,-0.0879531,45.0463,7.21005,8.83765,3.10305,-0.668848,-0.109844,-0.0879531,45.0463,7.21005,8.83765,3.10305,-0.668848,-0.109844,-0.0879531,45.0463,7.21005,8.83765,3.10305,-0.668848,-0.109844,-0.0879531,45.0463,7.21005,8.83765,3.10305,-0.668848,-0.109844,-0.0879531,45.0463,7.21005,8.83765,3.10305,-0.668848,-0.109844,-0.0879531,45.0463,
2,8.61015,7.59407,2.90304,-0.874442,-0.136768,-0.109092,45.0463,8.61015,7.59407,2.90304,-0.874442,-0.136768,-0.109092,45.0463,8.61015,7.59407,2.90304,-0.874442,-0.136768,-0.109092,45.0463,8.61015,7.59407,2.90304,-0.874442,-0.136768,-0.109092,45.0463,8.61015,7.59407,2.90304,-0.874442,-0.136768,-0.109092,45.0463,8.61015,7.59407,2.90304,-0.874442,-0.136768,-0.109092,45.0463,
2.1,10.0369,5.59016,2.70003,-1.14132,-0.177219,-0.129367,45.0463,10.0369,5.59016,2.70003,-1.14132,-0.177219,-0.129367,45.0463,10.0369,5.59016,2.70003,-1.14132,-0.177219,-0.129367,45.0463,10.0369,5.59016,2.70003,-1.14132,-0.177219,-0.129367,45.0463,10.0369,5.59016,2.70003,-1.14132,-0.177219,-0.129367,45.0463,10.0369,5.59016,2.70003,-1.14132,-0.177219,-0.129367,45.0463,
2.2,11.3983,2.72351,2.50739,-1.47172,-0.233441,-0.14045,45.0463,11.3983,2.72351,2.50739,-1.47172,-0.233441,-0.14045,45.0463,11.3983,2.72351,2.50739,-1.47172,-0.233441,-0.14045,45.0463,11.3983,2.72351,2.50739,-1.47172,-0.233441,-0.14045,45.0463,11.3983,2.72351,2.50739,-1.47172,-0.233441,-0.14045,45.0463,11.3983,2.72351,2.50739,-1.47172,-0.233441,-0.14045,45.0463,
2.3,11.6213,2.47535,2.47031,-1.52293,-0.251613,-0.140839,45.0463,11.6213,2.47535,2.47031,-1.52293,-0.251613,-0.140839,45.0463,11.6213,2.47535,2.47031,-1.52293,-0.251613,-0.140839,45.0463,11.6213,2.47535,2.47031,-1.52293,-0.251613,-0.140839,45.0463,11.6213,2.47535,2.47031,-1.52293,-0.251613,-0.140839,45.0463,11.6213,2.47535,2.47031,-1.52293,-0.251613,-0.140839,45.0463,
2.4,11.6259,2.13514,2.46291,-1.5337,-0.263868,-0.141301,45.0463,11.6259,2.13514,2.46291,-1.5337,-0.263868,-0.141301,45.0463,11.6259,2.13514,2.46291,-1.5337,-0.263868,-0.141301,45.0463,11.6259,2.13514,2.46291,-1.5337,-0.263868,-0.141301,45.0463,11.6259,2.13514,2.46291,-1.5337,-0.263868,-0.141301,45.0463,11.6259,2.13514,2.46291,-1.5337,-0.263868,-0.141301,45.0463,
2.5,11.625,2.135,2.45609,-1.53212,-0.27462,-0.141724,45.0463,11.625,2.135,2.45609,-1.53212,-0.27462,-0.141724,45.0463,11.625,2.135,2.45609,-1.53212,-0.27462,-0.141724,45.0463,11.625,2.135,2.45609,-1.53212,-0.27462,-0.141724,45.0463,11.625,2.135,2.45609,-1.53212,-0.27462,-0.141724,45.0463,11.625,2.135,2.45609,-1.53212,-0.27462,-0.141724,45.0463,
2.6,11.624,2.135,2.44905,-1.53048,-0.285693,-0.142179,45.0463,11.624,2.135,2.44905,-1.53048,-0.285693,-0.142179,45.0463,11.624,2.135,2.44905,-1.53048,-0.285693,-0.142179,45.0463,11.624,2.135,2.44905,-1.53048,-0.285693,-0.142179,45.0463,11.624,2.135,2.44905,-1.53048,-0.285693,-0.142179,45.0463,11.624,2.135,2.44905,-1.53048,-0.285693,-0.142179,45.0463,
2.7,11.6231,2.135,2.44181,-1.52877,-0.297087,-0.142669,45.0463,11.6231,2.135,2.44181,-1.52877,-0.297087,-0.142669,45.0463,11.6231,2.135,2.44181,-1.52877,-0.297087,-0.142669,45.0463,11.6231,2.135,2.44181,-1.52877,-0.297087,-0.142669,45.0463,11.6231,2.135,2.44181,-1.52877,-0.297087,-0.142669,45.0463,11.6231,2.135,2.44181,-1.52877,-0.297087,-0.142669,45.0463,
2.8,11.622,2.135,2.43436,-1.527,-0.308805,-0.143196,45.0463,11.622,2.135,2.43436,-1.527,-0.308805,-0.143196,45.0463,11.622,2.135,2.43436,-1.527,-0.308805,-0.143196,45.0463,11.622,2.135,2.43436,-1.527,-0.308805,-0.143196,45.0463,11.622,2.135,2.43436,-1.527,-0.308805,-0.143196,45.0463,11.622,2.135,2.43436,-1.527,-0.308805,-0.143196,45.0463,
2.9,11.621,2.135,2.42669,-1.52517,-0.320875,-0.143764,45.0463,11.621,2.135,2.42669,-1.52517,-0.320875,-0.143764,45.0463,11.621,2.135,2.42669,-1.52517,-0.320875,-0.143764,45.0463,11.621,2.135,2.42669,-1.52517,-0.320875,-0.143764,45.0463,11.621,2.135,2.42669,-1.52517,-0.320875,-0.143764,45.0463,11.621,2.135,2.42669,-1.52517,-0.320875,-0.143764,45.0463,
3,11.6199,2.135,2.41879,-1.52327,-0.333298,-0.144375,45.0463,11.6199,2.135,2.41879,-1.52327,-0.333298,-0.144375,45.0463,11.6199,2.135,2.41879,-1.52327,-0.333298,-0.144375,45.0463,11.6199,2.135,2.41879,-1.52327,-0.333298,-0.144375,45.0463,11.6199,2.135,2.41879,-1.52327,-0.333298,-0.144375,45.0463,11.6199,2.135,2.41879,-1.52327,-0.333298,-0.144375,45.0463,
3.1,11.6188,2.135,2.41069,-1.5213,-0.346042,-0.145032,45.0463,11.6188,2.135,2.41069,-1.5213,-0.346042,-0.145032,45.0463,11.6188,2.135,2.41069,-1.5213,-0.346042,-0.145032,45.0463,11.6188,2.135,2.41069,-1.5213,-0.346042,-0.145032,45.0463,11.6188,2.135,2.41069,-1.5213,-0.346042,-0.145032,45.0463,11.6188,2.135,2.41069,-1.5213,-0.346042,-0.145032,45.0463,
3.2,11.6176,2.135,2.40238,-1.51926,-0.359119,-0.145736,45.0463,11.6176,2.135,2.40238,-1.51926,-0.359119,-0.145736,45.0463,11.6176,2.135,2.40238,-1.51926,-0.359119,-0.145736,45.0463,11.6176,2.135,2.40238,-1.51926,-0.359119,-0.145736,45.0463,11.6176,2.135,2.40238,-1.51926,-0.359119,-0.145736,45.0463,11.6176,2.135,2.40238,-1.51926,-0.359119,-0.145736,45.0463,
3.3,11.6165,2.135,2.39383,-1.51714,-0.372559,-0.146494,45.0463,11.6165,2.135,2.39383,-1.51714,-0.372559,-0.146494,45.0463,11.6165,2.135,2.39383,-1.51714,-0.372559,-0.146494,45.0463,11.6165,2.135,2.39383,-1.51714,-0.372559,-0.146494,45.0463,11.6165,2.135,2.39383,-1.51714,-0.372559,-0.146494,45.0463,11.6165,2.135,2.39383,-1.51714,-0.372559,-0.146494,45.0463,
3.4,11.6153,2.135,2.38507,-1.51494,-0.386341,-0.147307,45.0463,11.6153,2.135,2.38507,-1.51494,-0.386341,-0.147307,45.0463,11.6153,2.135,2.38507,-1.51494,-0.386341,-0.147307,45.0463,11.6153,2.135,2.38507,-1.51494,-0.386341,-0.147307,45.0463,11.6153,2.135,2.38507,-1.51494,-0.386341,-0.147307,45.0463,11.6153,2.135,2.38507,-1.51494,-0.386341,-0.147307,45.0463,
3.5,11.614,2.135,2.37609,-1.51267,-0.400447,-0.148178,45.0463,11.614,2.135,2.37609,-1.51267,-0.400447,-0.148178,45.0463,11.614,2.135,2.37609,-1.51267,-0.400447,-0.148178,45.0463,11.614,2.135,2.37609,-1.51267,-0.400447,-0.148178,45.0463,11.614,2.135,2.37609,-1.51267,-0.400447,-0.148178,45.0463,11.614,2.135,2.37609,-1.51267,-0.400447,-0.148178,45.0463,
3.6,11.6128,2.135,2.36691,-1.51032,-0.414886,-0.149112,45.0463,11.6128,2.135,2.36691,-1.51032,-0.414886,-0.149112,45.0463,11.6128,2.135,2.36691,-1.51032,-0.414886,-0.149112,45.0463,11.6128,2.135,2.36691,-1.51032,-0.414886,-0.149112,45.0463,11.6128,2.135,2.36691,-1.51032,-0.414886,-0.149112,45.0463,11.6128,2.135,2.36691,-1.51032,-0.414886,-0.149112,45.0463,
3.7,11.6115,2.135,2.35751,-1.50787,-0.429666,-0.150113,45.0463,11.6115,2.135,2.35751,-1.50787,-0.429666,-0.150113,45.0463,11.6115,2.135,2.35751,-1.50787,-0.429666,-0.150113,45.0463,11.6115,2.135,2.35751,-1.50787,-0.429666,-0.150113,45.0463,11.6115,2.135,2.35751,-1.50787,-0.429666,-0.150113,45.0463,11.6115,2.135,2.35751,-1.50787,-0.429666,-0.150113,45.0463,
3.8,11.6102,2.135,2.34788,-1.50534,-0.444804,-0.151187,45.0463,11.6102,2.135,2.34788,-1.50534,-0.444804,-0.151187,45.0463,11.6102,2.135,2.34788,-1.50534,-0.444804,-0.151187,45.0463,11.6102,2.135,2.34788,-1.50534,-0.444804,-0.151187,45.0463,11.6102,2.135,2.34788,-1.50534,-0.444804,-0.151187,45.0463,11.6102,2.135,2.34788,-1.50534,-0.444804,-0.151187,45.0463,
3.9,11.6088,2.135,2.33803,-1.50271,-0.460277,-0.152338,45.0463,11.6088,2.135,2.33803,-1.50271,-0.460277,-0.152338,45.0463,11.6088,2.135,2.33803,-1.50271,-0.460277,-0.152338,45.0463,11.6088,2.135,2.33803,-1.50271,-0.460277,-0.152338,45.0463,11.6088,2.135,2.33803,-1.50271,-0.460277,-0.152338,45.0463,11.6088,2.135,2.33803,-1.50271,-0.460277,-0.152338,45.0463,
4,11.6074,2.135,2.32796,-1.49997,-0.476103,-0.153572,45.0463,11.6074,2.135,2.32796,-1.49997,-0.476103,-0.153572,45.0463,11.6074,2.135,2.32796,-1.49997,-0.476103,-0.153572,45.0463,11.6074,2.135,2.32796,-1.49997,-0.476103,-0.153572,45.0463,11.6074,2.135,2.32796,-1.49997,-0.476103,-0.153572,45.0463,11.6074,2.135,2.32796,-1.49997,-0.476103,-0.153572,45.0463,
4.1,11.606,2.135,2.31768,-1.49714,-0.492248,-0.154892,45.0463,11.606,2.135,2.31768,-1.49714,-0.492248,-0.154892,45.0463,11.606,2.135,2.31768,-1.49714,-0.492248,-0.154892,45.0463,11.606,2.135,2.31768,-1.49714,-0.492248,-0.154892,45.0463,11.606,2.135,2.31768,-1.49714,-0.492248,-0.154892,45.0463,11.606,2.135,2.31768,-1.49714,-0.492248,-0.154892,45.0463,
4.2,11.6046,2.135,2.30717,-1.49419,-0.508744,-0.156307,45.0463,11.6046,2.135,2.30717,-1.49419,-0.508744,-0.156307,45.0463,11.6046,2.135,2.30717,-1.49419,-0.508744,-0.156307,45.0463,11.6046,2.135,2.30717,-1.49419,-0.508744,-0.156307,45.0463,11.6046,2.135,2.30717,-1.49419,-0.508744,-0.156307,45.0463,11.6046,2.135,2.30717,-1.49419,-0.508744,-0.156307,45.0463,
4.3,11.6031,2.135,2.29645,-1.49112,-0.525574,-0.157823,45.0463,11.6031,2.135,2.29645,-1.49112,-0.525574,-0.157823,45.0463,11.6031,2.135,2.29645,-1.49112,-0.525574,-0.157823,45.0463,11.6031,2.135,2.29645,-1.49112,-0.525574,-0.157823,45.0463,11.6031,2.135,2.29645,-1.49112,-0.525574,-0.157823,45.0463,11.6031,2.135,2.29645,-1.49112,-0.525574,-0.157823,45.0463,
4.4,11.6017,2.135,2.28642,-1.48819,-0.541331,-0.159311,45.0463,11.6017,2.135,2.28642,-1.48819,-0.541331,-0.159311,45.0463,11.6017,2.135,2.28642,-1.48819,-0.541331,-0.159311,45.0463,11.6017,2.135,2.28642,-1.48819,-0.541331,-0.159311,45.0463,11.6017,2.135,2.28642,-1.48819,-0.541331,-0.159311,45.0463,11.6017,2.135,2.28642,-1.48819,-0.541331,-0.159311,45.0463,
4.5,11.6017,2.135,2.28642,-1.48819,-0.541331,-0.159311,45.0463,11.6017,2.135,2.28642,-1.48819,-0.541331,-0.159311,45.0463,11.6017,2.135,2.28642,-1.48819,-0.541331,-0.159311,45.0463,11.6017,2.135,2.28642,-1.48819,-0.541331,-0.159311,45.0463,11.6017,2.135,2.28642,-1.48819,-0.541331,-0.159311,45.0463,11.6017,2.135,2.28642,-1.48819,-0.541331,-0.159311,45.0463,
4.6,11.6017,2.135,2.28642,-1.48819,-0.541331,-0.159311,45.0463,11.6017,2.135,2.28642,-1.48819,-0.541331,-0.159311,45.0463,11.6017,2.135,2.28642,-1.48819,-0.541331,-0.159311,45.0463,11.6017,2.135,2.28642,-1.48819,-0.541331,-0.159311,45.0463,11.6017,2.135,2.28642,-1.48819,-0.541331,-0.159311,45.0463,11.6017,2.135,2.28642,-1.48819,-0.541331,-0.159311,45.0463,
4.7,11.6017,2.135,2.28642,-1.48819,-0.541331,-0.159311,45.0463,11.6017,2.135,2.28642,-1.48819,-0.541331,-0.159311,45.0463,11.6017,2.135,2.28642,-1.48819,-0.541331,-0.159311,45.0463,11.6017,2.135,2.28642,-1.48819,-0.541331,-0.159311,45.0463,11.6017,2.135,2.28642,-1.48819,-0.541331,-0.159311,45.0463,11.6017,2.135,2.28642,-1.48819,-0.541331,-0.159311,45.0463,
4.8,11.6017,2.135,2.28642,-1.48819,-0.541331,-0.159311,45.0463,11.6017,2.135,2.28642,-1.48819,-0.541331,-0.159311,45.0463,11.6017,2.135,2.28642,-1.48819,-0.541331,-0.159311,45.0463,11.6017,2.135,2.28642,-1.48819,-0.541331,-0.159311,45.0463,11.6017,2.135,2.28642,-1.48819,-0.541331,-0.159311,45.0463,11.6017,2.135,2.28642,-1.48819,-0.541331,-0.159311,45.0463,
4.9,11.6017,2.135,2.28642,-1.48819,-0.541331,-0.159311,45.0463,11.6017,2.135,2.28642,-1.48819,-0.541331,-0.159311,45.0463,11.6017,2.135,2.28642,-1.48819,-0.541331,-0.159311,45.0463,11.6017,2.135,2.28642,-1.48819,-0.541331,-0.159311,45.0463,11.6017,2.135,2.28642,-1.48819,-0.541331,-0.159311,45.0463,11.6017,2.135,2.28642,-1.48819,-0.541331,-0.159311,45.0463,
5,11.6017,2.135,2.28642,-1.48819,-0.541331,-0.159311,45.0463,11.6017,2.135,2.28642,-1.48819,-0.541331,-0.159311,45.0463,11.6017,2.135,2.28642,-1.48819,-0.541331,-0.159311,45.0463,11.6017,2.135,2.28642,-1.48819,-0.541331,-0.159311,45.0463,11.6017,2.135,2.28642,-1.48819,-0.541331,-0.159311,45.0463,11.6017,2.135,2.28642,-1.48819,-0.541331,-0.159311,45.0463,
5.1,11.6017,2.135,2.28642,-1.48819,-0.541331,-0.159311,45.0463,11.6017,2.135,2.28642,-1.48819,-0.541331,-0.159311,45.0463,11.6017,2.135,2.28642,-1.48819,-0.541331,-0.159311,45.0463,11.6017,2.135,2.28642,-1.48819,-0.541331,-0.159311,45.0463,11.6017,2.135,2.28642,-1.48819,-0.541331,-0.159311,45.0463,11.6017,2.135,2.28642,-1.48819,-0.541331,-0.159311,45.0463,
5.2,11.6017,2.135,2.28642,-1.48819,-0.541331,-0.159311,45.0463,11.6017,2.135,2.28642,-1.48819,-0.541331,-0.159311,45.0463,11.6017,2.135,2.28642,-1.48819,-0.541331,-0.159311,45.0463,11.6017,2.135,2.28642,-1.48819,-0.541331,-0.159311,45.0463,11.6017,2.135,2.28642,-1.48819,-0.541331,-0.159311,45.0463,11.6017,2.135,2.28642,-1.48819,-0.541331,-0.159311,45.0463,
5.3,11.6017,2.135,2.28642,-1.48819,-0.541331,-0.159311,45.0463,11.6017,2.135,2.28642,-1.48819,-0.541331,-0.159311,45.0463,11.6017,2.135,2.28642,-1.48819,-0.541331,-0.159311,45.0463,11.6017,2.135,2.28642,-1.48819,-0.541331,-0.159311,45.0463,11.6017,2.135,2.28642,-1.48819,-0.541331,-0.159311,45.0463,11.6017,2.135,2.28642,-1.48819,-0.541331,-0.159311,45.0463,
5.4,11.6017,2.135,2.28642,-1.48819,-0.541331,-0.159311,45.0463,11.6017,2.135,2.28642,-1.48819,-0.541331,-0.159311,45.0463,11.6017,2.135,2.28642,-1.48819,-0.541331,-0.159311,45.0463,11.6017,2.135,2.28642,-1.48819,-0.541331,-0.159311,45.0463,11.6017,2.135,2.28642,-1.48819,-0.541331,-0.159311,45.0463,11.6017,2.135,2.28642,-1.48819,-0.541331,-0.159311,45.0463,
5.5,11.6017,2.135,2.28642,-1.48819,-0.541331,-0.159311,45.0463,11.6017,2.135,2.28642,-1.48819,-0.541331,-0.159311,45.0463,11.6017,2.135,2.28642,-1.48819,-0.541331,-0.159311,45.0463,11.6017,2.135,2.28642,-1.48819,-0.541331,-0.159311,45.0463,11.6017,2.135,2.28642,-1.48819,-0.541331,-0.159311,45.0463,11.6017,2.135,2.28642,-1.48819,-0.541331,-0.159311,45.0463,
5.6,11.6017,2.135,2.28642,-1.48819,-0.541331,-0.159311,45.0463,11.6017,2.135,2.28642,-1.48819,-0.541331,-0.159311,45.0463,11.6017,2.135,2.28642,-1.48819,-0.541331,-0.159311,45.0463,11.6017,2.135,2.28642,-1.48819,-0.541331,-0.159311,45.0463,11.6017,2.135,2.28642,-1.48819,-0.541331,-0.159311,45.0463,11.6017,2.135,2.28642,-1.48819,-0.541331,-0.159311,45.0463,
5.7,11.6017,2.135,2.28642,-1.48819,-0.541331,-0.159311,45.0463,11.6017,2.135,2.28642,-1.48819,-0.541331,-0.159311,45.0463,11.6017,2.135,2.28642,-1.48819,-0.541331,-0.159311,45.0463,11.6017,2.135,2.28642,-1.48819,-0.541331,-0.159311,45.0463,11.6017,2.135,2.28642,-1.48819,-0.541331,-0.159311,45.0463,11.6017,2.135,2.28642,-1.48819,-0.541331,-0.159311,45.0463,
5.8,11.6017,2.135,2.28642,-1.48819,-0.541331,-0.159311,45.0463,11.6017,2.135,2.28642,-1.48819,-0.541331,-0.159311,45.0463,11.6017,2.135,2.28642,-1.48819,-0.541331,-0.159311,45.0463,11.6017,2.135,2.28642,-1.48819,-0.541331,-0.159311,45.0463,11.6017,2.135,2.28642,-1.48819,-0.541331,-0.159311,45.0463,11.6017,2.135,2.28642,-1.48819,-0.541331,-0.159311,45.0463,
5.9,11.6017,2.135,2.28642,-1.48819,-0.541331,-0.159311,45.0463,11.6017,2.135,2.28642,-1.48819,-0.541331,-0.159311,45.0463,11.6017,2.135,2.28642,-1.48819,-0.541331,-0.159311,45.0463,11.6017,2.135,2.28642,-1.48819,-0.541331,-0.159311,45.0463,11.6017,2.135,2.28642,-1.48819,-0.541331,-0.159311,45.0463,11.6017,2.135,2.28642,-1.48819,-0.541331,-0.159311,45.0463,
6,11.6017,2.135,2.28642,-1.48819,-0.541331,-0.159311,45.0463,11.6017,2.135,2.28642,-1.48819,-0.541331,-0.159311,45.0463,11.6017,2.135,2.28642,-1.48819,-0.541331,-0.159311,45.0463,11.6017,2.135,2.28642,-1.48819,-0.541331,-0.159311,45.0463,11.6017,2.135,2.28642,-1.48819,-0.541331,-0.159311,45.0463,11.6017,2.135,2.28642,-1.48819,-0.541331,-0.159311,45.0463,
6.1,11.6017,2.135,2.28642,-1.48819,-0.541331,-0.159311,45.0463,11.6017,2.135,2.28642,-1.48819,-0.541331,-0.159311,45.0463,11.6017,2.135,2.28642,-1.48819,-0.541331,-0.159311,45.0463,11.6017,2.135,2.28642,-1.48819,-0.541331,-0.159311,45.0463,11.6017,2.135,2.28642,-1.48819,-0.541331,-0.159311,45.0463,11.6017,2.135,2.28642,-1.48819,-0.541331,-0.159311,45.0463,
6.2,11.6017,2.135,2.28642,-1.48819,-0.541331,-0.159311,45.0463,11.6017,2.135,2.28642,-1.48819,-0.541331,-0.159311,45.0463,11.6017,2.135,2.28642,-1.48819,-0.541331,-0.159311,45.0463,11.6017,2.135,2.28642,-1.48819,-0.541331,-0.159311,45.0463,11.6017,2.135,2.28642,-1.48819,-0.541331,-0.159311,45.0463,11.6017,2.135,2.28642,-1.48819,-0.541331,-0.159311,45.0463,
6.3,11.6017,2.135,2.28642,-1.48819,-0.541331,-0.159311,45.0463,11.6017,2.135,2.28642,-1.48819,-0.541331,-0.159311,45.0463,11.6017,2.135,2.28642,-1.48819,-0.541331,-0.159311,45.0463,11.6017,2.135,2.28642,-1.48819,-0.541331,-0.159311,45.0463,11.6017,2.135,2.28642,-1.48819,-0.541331,-0.159311,45.0463,11.6017,2.135,2.28642,-1.48819,-0.541331,-0.159311,45.0463,
6.4,11.6017,2.135,2.28642,-1.48819,-0.541331,-0.159311,45.0463,11.6017,2.135,2.28642,-1.48819,-0.541331,-0.159311,45.0463,11.6017,2.135,2.28642,-1.48819,-0.541331,-0.159311,45.0463,11.6017,2.135,2.28642,-1.48819,-0.541331,-0.159311,45.0463,11.6017,2.135,2.28642,-1.48819,-0.541331,-0.159311,45.0463,11.6017,2.135,2.28642,-1.48819,-0.541331,-0.159311,45.0463,
6.5,11.6017,2.135,2.28642,-1.48819,-0.541331,-0.159311,45.0463,11.6017,2.135,2.28642,-1.48819,-0.541331,-0.159311,45.0463,11.6017,2.135,2.28642,-1.48819,-0.541331,-0.159311,45.0463,11.6017,2.135,2.28642,-1.48819,-0.541331,-0.159311,45.0463,11.6017,2.135,2.28642,-1.48819,-0.541331,-0.159311,45.0463,11.6017,2.135,2.28642,-1.48819,-0.541331,-0.159311,45.0463,
6.6,11.6017,2.135,2.28642,-1.48819,-0.541331,-0.159311,45.0463,11.6017,2.135,2.28642,-1.48819,-0.541331,-0.159311,45.0463,11.6017,2.135,2.28642,-1.48819,-0.541331,-0.159311,45.0463,11.6017,2.135,2.28642,-1.48819,-0.541331,-0.159311,45.0463,11.6017,2.135,2.28642,-1.48819,-0.541331,-0.159311,45.0463,11.6017,2.135,2.28642,-1.48819,-0.541331,-0.159311,45.0463,
6.7,11.6017,2.135,2.28642,-1.48819,-0.541331,-0.159311,45.0463,11.6017,2.135,2.28642,-1.48819,-0.541331,-0.159311,45.0463,11.6017,2.135,2.28642,-1.48819,-0.541331,-0.159311,45.0463,11.6017,2.135,2.28642,-1.48819,-0.541331,-0.159311,45.0463,11.6017,2.135,2.28642,-1.48819,-0.541331,-0.159311,45.0463,11.6017,2.135,2.28642,-1.48819,-0.541331,-0.159311,45.0463,
6.8,11.6017,2.135,2.28642,-1.48819,-0.541331,-0.159311,45.0463,11.6017,2.135,2.28642,-1.48819,-0.541331,-0.159311,45.0463,11.6017,2.135,2.28642,-1.48819,-0.541331,-0.159311,45.0463,11.6017,2.135,2.28642,-1.48819,-0.541331,-0.159311,45.0463,11.6017,2.135,2.28642,-1.48819,-0.541331,-0.159311,45.0463,11.6017,2.135,2.28642,-1.48819,-0.541331,-0.159311,45.0463,
6.9,11.6017,2.135,2.28642,-1.48819,-0.541331,-0.159311,45.0463,11.6017,2.135,2.28642,-1.48819,-0.541331,-0.159311,45.0463,11.6017,2.135,2.28642,-1.48819,-0.541331,-0.159311,45.0463,11.6017,2.135,2.28642,-1.48819,-0.541331,-0.159311,45.0463,11.6017,2.135,2.28642,-1.48819,-0.541331,-0.159311,45.0463,11.6017,2.135,2.28642,-1.48819,-0.541331,-0.159311,45.0463,
7,11.6017,2.135,2.28642,-1.48819,-0.541331,-0.159311,45.0463,11.6017,2.135,2.28642,-1.48819,-0.541331,-0.159311,45.0463,11.6017,2.135,2.28642,-1.48819,-0.541331,-0.159311,45.0463,11.6017,2.135,2.28642,-1.48819,-0.541331,-0.159311,45.0463,11.6017,2.135,2.28642,-1.48819,-0.541331,-0.159311,45.0463,11.6017,2.135,2.28642,-1.48819,-0.541331,-0.159311,45.0463,
7.1,11.6017,2.135,2.28642,-1.48819,-0.541331,-0.159311,45.0463,11.6017,2.135,2.28642,-1.48819,-0.541331,-0.159311,45.0463,11.6017,2.135,2.28642,-1.48819,-0.541331,-0.159311,45.0463,11.6017,2.135,2.28642,-1.48819,-0.541331,-0.159311,45.0463,11.6017,2.135,2.28642,-1.48819,-0.541331,-0.159311,45.0463,11.6017,2.135,2.28642,-1.48819,-0.541331,-0.159311,45.0463,
7.2,11.6017,2.135,2.28642,-1.48819,-0.541331,-0.159311,45.0463,11.6017,2.135,2.28642,-1.48819,-0.541331,-0.159311,45.0463,11.6017,2.135,2.28642,-1.48819,-0.541331,-0.159311,45.0463,11.6017,2.135,2.28642,-1.48819,-0.541331,-0.159311,45.0463,11.6017,2.135,2.28642,-1.48819,-0.541331,-0.159311,45.0463,11.6017,2.135,2.28642,-1.48819,-0.541331,-0.159311,45.0463,
7.3,11.6017,2.135,2.28642,-1.48819,-0.541331,-0.159311,45.0463,11.6017,2.135,2.28642,-1.48819,-0.541331,-0.159311,45.0463,11.6017,2.135,2.28642,-1.48819,-0.541331,-0.159311,45.0463,11.6017,2.135,2.28642,-1.48819,-0.541331,-0.159311,45.0463,11.6017,2.135,2.28642,-1.48819,-0.541331,-0.159311,45.0463,11.6017,2.135,2.28642,-1.48819,-0.541331,-0.159311,45.0463,
7.4,11.6017,2.135,2.28642,-1.48819,-0.541331,-0.159311,45.0463,11.6017,2.135,2.28642,-1.48819,-0.541331,-0.159311,45.0463,11.6017,2.135,2.28642,-1.48819,-0.541331,-0.159311,45.0463,11.6017,2.135,2.28642,-1.48819,-0.541331,-0.159311,45.0463,11.6017,2.135,2.28642,-1.48819,-0.541331,-0.159311,45.0463,11.6017,2.135,2.28642,-1.48819,-0.541331,-0.159311,45.0463,
7.5,11.6017,2.135,2.28642,-1.48819,-0.541331,-0.159311,45.0463,11.6017,2.135,2.28642,-1.48819,-0.541331,-0.159311,45.0463,11.6017,2.135,2.28642,-1.48819,-0.541331,-0.159311,45.0463,11.6017,2.135,2.28642,-1.48819,-0.541331,-0.159311,45.0463,11.6017,2.135,2.28642,-1.48819,-0.541331,-0.159311,45.0463,11.6017,2.135,2.28642,-1.48819,-0.541331,-0.159311,45.0463,
7.6,11.6017,2.135,2.28642,-1.48819,-0.541331,-0.159311,45.0463,11.6017,2.135,2.28642,-1.48819,-0.541331,-0.159311,45.0463,11.6017,2.135,2.28642,-1.48819,-0.541331,-0.159311,45.0463,11.6017,2.135,2.28642,-1.48819,-0.541331,-0.159311,45.0463,11.6017,2.135,2.28642,-1.48819,-0.541331,-0.159311,45.0463,11.6017,2.135,2.28642,-1.48819,-0.541331,-0.159311,45.0463,
7.7,11.6017,2.135,2.28642,-1.48819,-0.541331,-0.159311,45.0463,11.6017,2.135,2.28642,-1.48819,-0.541331,-0.159311,45.0463,11.6017,2.135,2.28642,-1.48819,-0.541331,-0.159311,45.0463,11.6017,2.135,2.28642,-1.48819,-0.541331,-0.159311,45.0463,11.6017,2.135,2.28642,-1.48819,-0.541331,-0.159311,45.0463,11.6017,2.135,2.28642,-1.48819,-0.541331,-0.159311,45.0463,
7.8,11.6017,2.135,2.28642,-1.48819,-0.541331,-0.159311,45.0463,11.6017,2.135,2.28642,-1.48819,-0.541331,-0.159311,45.0463,11.6017,2.135,2.28642,-1.48819,-0.541331,-0.159311,45.0463,11.6017,2.135,2.28642,-1.48819,-0.541331,-0.159311,45.0463,11.6017,2.135,2.28642,-1.48819,-0.541331,-0.159311,45.0463,11.6017,2.135,2.28642,-1.48819,-0.541331,-0.159311,45.0463,
7.9,11.6017,2.135,2.28642,-1.48819,-0.541331,-0.159311,45.0463,11.6017,2.135,2.28642,-1.48819,-0.541331,-0.159311,45.0463,11.6017,2.135,2.28642,-1.48819,-0.541331,-0.159311,45.0463,11.6017,2.135,2.28642,-1.48819,-0.541331,-0.159311,45.0463,11.6017,2.135,2.28642,-1.48819,-0.541331,-0.159311,45.0463,11.6017,2.135,2.28642,-1.48819,-0.541331,-0.159311,45.0463,
