tgDataLogger2 started logging at time 01242019_111943, with 2 sensors on 1 senseable objects.
time,0_rod(strut).X,0_rod(strut).Y,0_rod(strut).Z,0_rod(strut).Euler1,0_rod(strut).Euler2,0_rod(strut).Euler3,0_rod(strut).mass,1_rod(strut).X,1_rod(strut).Y,1_rod(strut).Z,1_rod(strut).Euler1,1_rod(strut).Euler2,1_rod(strut).Euler3,1_rod(strut).mass,
0.1,0.0688503,9.73482,0.227556,-0.858665,0.232413,0.520007,0.00596188,-0.013836,9.22544,-0.227767,-1.53323,-0.807632,-0.831569,0.00605276,
0.2,0.0688746,8.26383,0.227388,-0.847945,0.250579,0.522353,0.00596188,-0.01386,7.75441,-0.227601,-1.55035,-0.796869,-0.819329,0.00605276,
0.3,0.0689006,5.81198,0.227313,-0.857807,0.233745,0.519597,0.00596188,-0.0138856,5.30225,-0.227527,-1.53622,-0.806371,-0.829577,0.00605276,
0.4,-0.00689608,2.88241,0.340031,-0.670587,0.483766,0.765609,0.00596188,-0.0353547,2.38522,-0.188598,-1.45835,-0.398456,-0.812801,0.00605276,
0.5,0.012273,1.56839,0.563715,-0.494606,0.74881,1.20509,0.00596188,-0.0676761,1.52,-0.118155,-1.54136,-0.0285022,-0.801774,0.00605276,
0.6,0.0135372,1.55524,0.564568,-0.498301,0.756489,1.22341,0.00596188,-0.067335,1.52,-0.117907,-1.55896,-0.011451,-0.8018,0.00605276,
0.7,0.013537,1.55519,0.564566,-0.498348,0.756485,1.22339,0.00596188,-0.067336,1.52,-0.117909,-1.55887,-0.0115414,-0.801801,0.00605276,
0.8,0.0135374,1.5552,0.564564,-0.498194,0.756516,1.22348,0.00596188,-0.0673351,1.52,-0.11791,-1.55887,-0.0115465,-0.801802,0.00605276,
0.9,0.0135396,1.55522,0.564564,-0.498322,0.75649,1.22341,0.00596188,-0.0673339,1.52,-0.117911,-1.55887,-0.0115449,-0.801802,0.00605276,
1,0.0135402,1.55519,0.564563,-0.498164,0.756522,1.22349,0.00596188,-0.0673326,1.52,-0.117911,-1.55889,-0.011524,-0.801803,0.00605276,
1.1,0.0135418,1.55519,0.564562,-0.498253,0.756503,1.22344,0.00596188,-0.0673319,1.52,-0.117912,-1.55887,-0.0115385,-0.801803,0.00605276,
1.2,0.0135431,1.55514,0.564562,-0.498379,0.756475,1.22336,0.00596188,-0.0673308,1.52,-0.117912,-1.55888,-0.0115293,-0.801804,0.00605276,
1.3,0.0135438,1.55518,0.564561,-0.498229,0.756507,1.22344,0.00596188,-0.0673298,1.52,-0.117913,-1.55888,-0.0115328,-0.801804,0.00605276,
1.4,0.013546,1.55522,0.564561,-0.498262,0.756502,1.22343,0.00596188,-0.0673291,1.52,-0.117913,-1.55887,-0.0115424,-0.801805,0.00605276,
1.5,0.0135481,1.55517,0.564561,-0.498448,0.756462,1.22332,0.00596188,-0.0673275,1.52,-0.117914,-1.5589,-0.0115137,-0.801805,0.00605276,
1.6,0.013548,1.5551,0.564558,-0.498234,0.756506,1.22344,0.00596188,-0.0673264,1.52,-0.117914,-1.5589,-0.0115153,-0.801806,0.00605276,
1.7,0.0135493,1.55518,0.564559,-0.498283,0.756506,1.22344,0.00596188,-0.0673265,1.52,-0.117916,-1.55885,-0.0115581,-0.801807,0.00605276,
1.8,0.0135503,1.55516,0.564557,-0.498203,0.756512,1.22345,0.00596188,-0.0673247,1.52,-0.117916,-1.55889,-0.0115241,-0.801807,0.00605276,
1.9,0.0135528,1.5552,0.564557,-0.498195,0.756522,1.22347,0.00596188,-0.0673236,1.52,-0.117916,-1.55889,-0.0115198,-0.801807,0.00605276,
2,0.0135542,1.55514,0.564557,-0.498379,0.756479,1.22336,0.00596188,-0.0673229,1.52,-0.117917,-1.55888,-0.0115353,-0.801808,0.00605276,
2.1,0.0135552,1.55518,0.564555,-0.498208,0.756519,1.22346,0.00596188,-0.0673219,1.52,-0.117918,-1.55886,-0.0115475,-0.801809,0.00605276,
2.2,0.0135567,1.55512,0.564555,-0.498229,0.756513,1.22345,0.00596188,-0.0673203,1.52,-0.117918,-1.55889,-0.0115237,-0.801809,0.00605276,
2.3,0.0135585,1.55519,0.564554,-0.498166,0.756534,1.2235,0.00596188,-0.0673196,1.52,-0.117919,-1.55888,-0.0115353,-0.80181,0.00605276,
2.4,0.0135598,1.55515,0.564553,-0.498258,0.756507,1.22343,0.00596188,-0.0673181,1.52,-0.11792,-1.5589,-0.0115142,-0.80181,0.00605276,
2.5,0.0135602,1.55517,0.564552,-0.498221,0.75652,1.22346,0.00596188,-0.067318,1.52,-0.117921,-1.55885,-0.0115578,-0.801811,0.00605276,
2.6,0.0135624,1.55519,0.564552,-0.49828,0.756502,1.22341,0.00596188,-0.0673167,1.52,-0.117921,-1.55887,-0.01154,-0.801812,0.00605276,
2.7,0.0135641,1.55523,0.564551,-0.498265,0.756508,1.22342,0.00596188,-0.0673158,1.52,-0.117922,-1.55887,-0.0115448,-0.801812,0.00605276,
2.8,0.0135652,1.55512,0.56455,-0.498437,0.756464,1.22331,0.00596188,-0.0673145,1.52,-0.117923,-1.55888,-0.0115366,-0.801813,0.00605276,
2.9,0.0135667,1.55522,0.56455,-0.498321,0.7565,1.2234,0.00596188,-0.0673138,1.52,-0.117923,-1.55886,-0.0115497,-0.801813,0.00605276,
3,0.013568,1.55511,0.56455,-0.498297,0.756502,1.2234,0.00596188,-0.067312,1.52,-0.117923,-1.5589,-0.0115092,-0.801813,0.00605276,
3.1,0.0135692,1.55522,0.564549,-0.498276,0.75651,1.22342,0.00596188,-0.0673118,1.52,-0.117925,-1.55886,-0.0115542,-0.801814,0.00605276,
3.2,0.0135708,1.55513,0.564548,-0.49835,0.756487,1.22336,0.00596188,-0.0673099,1.52,-0.117925,-1.5589,-0.0115135,-0.801814,0.00605276,
3.3,0.0135721,1.55521,0.564547,-0.498357,0.756487,1.22336,0.00596188,-0.0673099,1.52,-0.117926,-1.55885,-0.0115627,-0.801816,0.00605276,
3.4,0.0135739,1.55511,0.564546,-0.498414,0.756475,1.22333,0.00596188,-0.0673083,1.52,-0.117926,-1.55889,-0.0115233,-0.801816,0.00605276,
3.5,0.013575,1.55516,0.564546,-0.498359,0.75649,1.22336,0.00596188,-0.0673074,1.52,-0.117927,-1.55887,-0.0115399,-0.801816,0.00605276,
3.6,0.0135769,1.55513,0.564545,-0.498447,0.756469,1.22331,0.00596188,-0.067306,1.52,-0.117928,-1.55889,-0.0115214,-0.801817,0.00605276,
3.7,0.0135776,1.55511,0.564544,-0.498379,0.756485,1.22335,0.00596188,-0.0673053,1.52,-0.117929,-1.55887,-0.0115407,-0.801817,0.00605276,
3.8,0.0135796,1.5552,0.564543,-0.498264,0.756512,1.22342,0.00596188,-0.0673043,1.52,-0.11793,-1.55887,-0.0115441,-0.801818,0.00605276,
3.9,0.0135812,1.55508,0.564543,-0.498459,0.756464,1.22329,0.00596188,-0.067302,1.52,-0.117929,-1.55892,-0.0114936,-0.801818,0.00605276,
4,0.0135819,1.55511,0.564542,-0.498483,0.75645,1.22325,0.00596188,-0.0673013,1.52,-0.11793,-1.55891,-0.0115012,-0.801819,0.00605276,
4.1,0.0135831,1.55517,0.564541,-0.498343,0.756494,1.22337,0.00596188,-0.0673015,1.52,-0.117932,-1.55885,-0.0115642,-0.80182,0.00605276,
4.2,0.0135849,1.55511,0.564541,-0.498279,0.756514,1.22342,0.00596188,-0.0672995,1.52,-0.117932,-1.5589,-0.0115153,-0.80182,0.00605276,
4.3,0.0135868,1.55523,0.56454,-0.498297,0.756508,1.2234,0.00596188,-0.0672989,1.52,-0.117933,-1.55888,-0.0115359,-0.801821,0.00605276,
4.4,0.0135875,1.55517,0.564539,-0.49827,0.756514,1.22341,0.00596188,-0.0672977,1.52,-0.117934,-1.55888,-0.0115356,-0.801821,0.00605276,
4.5,0.0135904,1.5552,0.564539,-0.498133,0.756564,1.22354,0.00596188,-0.0672967,1.52,-0.117934,-1.55888,-0.0115314,-0.801822,0.00605276,
4.6,0.0135903,1.55512,0.564537,-0.498231,0.75652,1.22343,0.00596188,-0.0672952,1.52,-0.117934,-1.55891,-0.0115076,-0.801822,0.00605276,
4.7,0.0135926,1.55516,0.564537,-0.498424,0.756484,1.22333,0.00596188,-0.0672948,1.52,-0.117936,-1.55887,-0.01154,-0.801823,0.00605276,
4.8,0.0135934,1.55517,0.564537,-0.498522,0.756459,1.22326,0.00596188,-0.067294,1.52,-0.117936,-1.55886,-0.0115475,-0.801823,0.00605276,
4.9,0.0135944,1.55519,0.564535,-0.498293,0.756511,1.2234,0.00596188,-0.067293,1.52,-0.117937,-1.55886,-0.011553,-0.801824,0.00605276,
5,0.0135969,1.55521,0.564536,-0.498336,0.756513,1.2234,0.00596188,-0.0672915,1.52,-0.117937,-1.55888,-0.011531,-0.801824,0.00605276,
5.1,0.013597,1.55521,0.564534,-0.498254,0.756522,1.22342,0.00596188,-0.0672907,1.52,-0.117938,-1.55887,-0.0115456,-0.801825,0.00605276,
5.2,0.0135994,1.55524,0.564534,-0.498245,0.756526,1.22343,0.00596188,-0.0672896,1.52,-0.117939,-1.55887,-0.0115399,-0.801825,0.00605276,
5.3,0.0135998,1.5552,0.564532,-0.498243,0.756526,1.22343,0.00596188,-0.0672888,1.52,-0.11794,-1.55885,-0.0115564,-0.801826,0.00605276,
5.4,0.0136014,1.55511,0.564531,-0.498472,0.756469,1.22328,0.00596188,-0.0672875,1.52,-0.11794,-1.55887,-0.0115448,-0.801826,0.00605276,
5.5,0.0136037,1.55521,0.564532,-0.498162,0.756557,1.22351,0.00596188,-0.0672864,1.52,-0.117941,-1.55887,-0.0115455,-0.801827,0.00605276,
5.6,0.0136054,1.55521,0.564531,-0.498419,0.756489,1.22333,0.00596188,-0.0672852,1.52,-0.117942,-1.55888,-0.0115353,-0.801827,0.00605276,
5.7,0.0136052,1.55514,0.564529,-0.498352,0.756496,1.22335,0.00596188,-0.0672841,1.52,-0.117942,-1.55888,-0.0115335,-0.801828,0.00605276,
5.8,0.0136066,1.55516,0.564529,-0.49819,0.756542,1.22346,0.00596188,-0.0672831,1.52,-0.117943,-1.55888,-0.0115326,-0.801828,0.00605276,
5.9,0.0136085,1.55516,0.564529,-0.498329,0.756514,1.22339,0.00596188,-0.0672825,1.52,-0.117944,-1.55887,-0.0115408,-0.801829,0.00605276,
6,0.0136106,1.55521,0.564528,-0.498359,0.756508,1.22337,0.00596188,-0.0672814,1.52,-0.117944,-1.55887,-0.011544,-0.801829,0.00605276,
6.1,0.0136111,1.55514,0.564526,-0.49839,0.756487,1.22332,0.00596188,-0.0672799,1.52,-0.117945,-1.55889,-0.011526,-0.80183,0.00605276,
6.2,0.0136126,1.55523,0.564527,-0.498214,0.756538,1.22345,0.00596188,-0.0672792,1.52,-0.117945,-1.55889,-0.0115261,-0.80183,0.00605276,
6.3,0.0136137,1.55513,0.564525,-0.498462,0.756479,1.22329,0.00596188,-0.0672786,1.52,-0.117946,-1.55886,-0.01155,-0.801831,0.00605276,
6.4,0.0136148,1.5552,0.564525,-0.498315,0.756513,1.22338,0.00596188,-0.0672774,1.52,-0.117947,-1.55886,-0.0115463,-0.801831,0.00605276,
6.5,0.0136167,1.5552,0.564524,-0.498194,0.756545,1.22346,0.00596188,-0.0672761,1.52,-0.117947,-1.55888,-0.0115315,-0.801832,0.00605276,
6.6,0.0136185,1.55522,0.564524,-0.498168,0.756553,1.22348,0.00596188,-0.0672749,1.52,-0.117948,-1.55889,-0.0115253,-0.801832,0.00605276,
6.7,0.0136192,1.55518,0.564523,-0.498315,0.756518,1.22339,0.00596188,-0.0672743,1.52,-0.117949,-1.55886,-0.0115472,-0.801833,0.00605276,
6.8,0.0136208,1.55517,0.564522,-0.498245,0.75653,1.22342,0.00596188,-0.0672729,1.52,-0.117949,-1.55888,-0.0115329,-0.801833,0.00605276,
6.9,0.0136228,1.55522,0.564522,-0.498198,0.756546,1.22346,0.00596188,-0.0672718,1.52,-0.11795,-1.55888,-0.0115326,-0.801834,0.00605276,
7,0.0136238,1.55516,0.564521,-0.498349,0.756509,1.22336,0.00596188,-0.0672708,1.52,-0.117951,-1.55887,-0.0115389,-0.801834,0.00605276,
7.1,0.0136256,1.55521,0.56452,-0.498395,0.756506,1.22335,0.00596188,-0.0672701,1.52,-0.117952,-1.55886,-0.011548,-0.801835,0.00605276,
7.2,0.0136265,1.55517,0.564519,-0.498297,0.756522,1.22339,0.00596188,-0.0672686,1.52,-0.117952,-1.55888,-0.0115288,-0.801835,0.00605276,
7.3,0.0136276,1.5552,0.564518,-0.498323,0.756516,1.22338,0.00596188,-0.0672682,1.52,-0.117953,-1.55886,-0.0115546,-0.801836,0.00605276,
7.4,0.0136294,1.55524,0.564518,-0.498319,0.75652,1.22338,0.00596188,-0.067267,1.52,-0.117954,-1.55886,-0.0115528,-0.801837,0.00605276,
7.5,0.0136301,1.55515,0.564517,-0.498258,0.756534,1.22342,0.00596188,-0.0672657,1.52,-0.117954,-1.55887,-0.0115389,-0.801837,0.00605276,
7.6,0.013632,1.55517,0.564517,-0.498308,0.756525,1.22339,0.00596188,-0.0672644,1.52,-0.117955,-1.55887,-0.0115376,-0.801837,0.00605276,
7.7,0.0136337,1.55516,0.564515,-0.498228,0.756539,1.22343,0.00596188,-0.0672631,1.52,-0.117955,-1.55889,-0.0115194,-0.801838,0.00605276,
7.8,0.0136354,1.55511,0.564515,-0.498334,0.756517,1.22337,0.00596188,-0.0672618,1.52,-0.117956,-1.5589,-0.0115108,-0.801838,0.00605276,
7.9,0.0136369,1.5552,0.564515,-0.498257,0.756542,1.22343,0.00596188,-0.0672614,1.52,-0.117957,-1.55887,-0.0115418,-0.801839,0.00605276,
8,0.0136371,1.55515,0.564513,-0.498375,0.756503,1.22333,0.00596188,-0.0672604,1.52,-0.117957,-1.55887,-0.0115432,-0.80184,0.00605276,
8.1,0.0136395,1.55519,0.564513,-0.498205,0.756547,1.22344,0.00596188,-0.0672591,1.52,-0.117958,-1.55889,-0.0115267,-0.80184,0.00605276,
8.2,0.0136407,1.55519,0.564513,-0.498455,0.756497,1.22331,0.00596188,-0.0672588,1.52,-0.117959,-1.55885,-0.0115595,-0.801841,0.00605276,
8.3,0.0136427,1.55522,0.564512,-0.498316,0.756528,1.22339,0.00596188,-0.0672571,1.52,-0.117959,-1.55887,-0.0115389,-0.801841,0.00605276,
8.4,0.0136439,1.5552,0.564511,-0.498258,0.756539,1.22342,0.00596188,-0.0672561,1.52,-0.11796,-1.55887,-0.0115407,-0.801842,0.00605276,
8.5,0.0136451,1.55517,0.56451,-0.498282,0.756533,1.2234,0.00596188,-0.0672548,1.52,-0.11796,-1.55888,-0.0115318,-0.801842,0.00605276,
8.6,0.013647,1.55512,0.56451,-0.49837,0.756514,1.22335,0.00596188,-0.0672536,1.52,-0.117961,-1.55889,-0.0115216,-0.801843,0.00605276,
8.7,0.0136479,1.55517,0.564509,-0.498443,0.756486,1.22327,0.00596188,-0.0672525,1.52,-0.117961,-1.5589,-0.0115132,-0.801843,0.00605276,
8.8,0.0136492,1.55514,0.564507,-0.49836,0.756512,1.22334,0.00596188,-0.0672518,1.52,-0.117963,-1.55887,-0.0115371,-0.801844,0.00605276,
8.9,0.0136506,1.5551,0.564507,-0.498269,0.756536,1.2234,0.00596188,-0.0672502,1.52,-0.117963,-1.5589,-0.0115128,-0.801845,0.00605276,
9,0.0136523,1.55519,0.564506,-0.498377,0.756512,1.22334,0.00596188,-0.0672501,1.52,-0.117964,-1.55886,-0.011553,-0.801845,0.00605276,
9.1,0.0136534,1.55513,0.564505,-0.498476,0.756488,1.22327,0.00596188,-0.0672491,1.52,-0.117965,-1.55885,-0.0115607,-0.801846,0.00605276,
9.2,0.0136553,1.55522,0.564505,-0.498446,0.756501,1.22331,0.00596188,-0.0672481,1.52,-0.117966,-1.55885,-0.0115648,-0.801847,0.00605276,
9.3,0.0136564,1.55521,0.564504,-0.498276,0.75654,1.2234,0.00596188,-0.0672465,1.52,-0.117967,-1.55887,-0.0115445,-0.801847,0.00605276,
9.4,0.0136584,1.55521,0.564503,-0.498391,0.75651,1.22332,0.00596188,-0.0672455,1.52,-0.117967,-1.55887,-0.0115383,-0.801847,0.00605276,
9.5,0.01366,1.55518,0.564503,-0.498419,0.756512,1.22333,0.00596188,-0.0672444,1.52,-0.117968,-1.55887,-0.0115372,-0.801848,0.00605276,
9.6,0.0136613,1.55514,0.564502,-0.498377,0.756519,1.22335,0.00596188,-0.0672431,1.52,-0.117968,-1.55888,-0.0115292,-0.801848,0.00605276,
9.7,0.0136624,1.55513,0.564501,-0.498376,0.756518,1.22334,0.00596188,-0.0672416,1.52,-0.117969,-1.55889,-0.0115229,-0.801849,0.00605276,
9.8,0.0136635,1.55523,0.5645,-0.498343,0.756525,1.22336,0.00596188,-0.0672418,1.52,-0.11797,-1.55884,-0.011572,-0.80185,0.00605276,
9.9,0.0136666,1.55518,0.564501,-0.49835,0.756525,1.22336,0.00596188,-0.0672398,1.52,-0.11797,-1.5589,-0.0115126,-0.80185,0.00605276,
10,0.0137097,1.55321,0.559483,-0.498332,0.756343,1.22289,0.00596188,-0.067185,1.51783,-0.122976,-1.5589,-0.0115126,-0.801851,0.00605276,
10.1,0.0139737,1.61638,0.55983,-0.519112,0.757164,1.22447,0.00596188,-0.0672878,1.58896,-0.122981,-1.56895,-0.00348949,-0.801743,0.00605276,
10.2,0.0118685,1.55784,0.560396,-0.497007,0.753947,1.22012,0.00596188,-0.0681283,1.52,-0.12204,-1.55555,-0.0147829,-0.800753,0.00605276,
10.3,0.0120676,1.55519,0.560587,-0.497751,0.755545,1.22416,0.00596188,-0.0680598,1.52,-0.121975,-1.55889,-0.0115506,-0.80071,0.00605276,
10.4,0.0120687,1.55517,0.560586,-0.497731,0.755545,1.22416,0.00596188,-0.0680585,1.52,-0.121975,-1.55892,-0.0115193,-0.80071,0.00605276,
10.5,0.0120696,1.55519,0.560585,-0.497819,0.755523,1.2241,0.00596188,-0.0680583,1.52,-0.121977,-1.55888,-0.0115598,-0.800711,0.00605276,
10.6,0.0120719,1.55521,0.560586,-0.497817,0.75554,1.22414,0.00596188,-0.0680571,1.52,-0.121977,-1.55889,-0.0115469,-0.800711,0.00605276,
10.7,0.0120724,1.55516,0.560584,-0.497667,0.755566,1.22421,0.00596188,-0.0680559,1.52,-0.121978,-1.5589,-0.011541,-0.800712,0.00605276,
10.8,0.0120738,1.5551,0.560583,-0.497769,0.755534,1.22413,0.00596188,-0.0680541,1.52,-0.121978,-1.55894,-0.0115013,-0.800712,0.00605276,
10.9,0.0120754,1.55519,0.560583,-0.497795,0.755535,1.22412,0.00596188,-0.0680537,1.52,-0.121979,-1.55892,-0.011518,-0.800713,0.00605276,
11,0.0120765,1.55517,0.560581,-0.497836,0.755525,1.2241,0.00596188,-0.0680535,1.52,-0.12198,-1.55888,-0.0115583,-0.800714,0.00605276,
11.1,0.012078,1.55513,0.560581,-0.497915,0.75551,1.22406,0.00596188,-0.0680523,1.52,-0.121981,-1.55889,-0.0115455,-0.800714,0.00605276,
11.2,0.0120796,1.55512,0.56058,-0.497761,0.755549,1.22416,0.00596188,-0.0680509,1.52,-0.121982,-1.55891,-0.0115329,-0.800714,0.00605276,
11.3,0.01208,1.55516,0.560579,-0.498006,0.755484,1.22399,0.00596188,-0.0680504,1.52,-0.121983,-1.55887,-0.0115691,-0.800715,0.00605276,
11.4,0.0120824,1.55519,0.560579,-0.497936,0.755512,1.22406,0.00596188,-0.0680494,1.52,-0.121983,-1.55888,-0.0115543,-0.800716,0.00605276,
11.5,0.0120833,1.55522,0.560578,-0.497779,0.755544,1.22414,0.00596188,-0.0680484,1.52,-0.121984,-1.55888,-0.0115534,-0.800716,0.00605276,
11.6,0.0120848,1.5552,0.560577,-0.497735,0.755552,1.22416,0.00596188,-0.0680469,1.52,-0.121984,-1.55891,-0.0115279,-0.800716,0.00605276,
11.7,0.0120859,1.55519,0.560576,-0.4978,0.755537,1.22412,0.00596188,-0.0680463,1.52,-0.121985,-1.55889,-0.0115439,-0.800717,0.00605276,
11.8,0.0120873,1.5552,0.560576,-0.497865,0.75553,1.2241,0.00596188,-0.0680457,1.52,-0.121986,-1.55887,-0.0115667,-0.800718,0.00605276,
11.9,0.0120886,1.5552,0.560575,-0.497895,0.755514,1.22406,0.00596188,-0.0680445,1.52,-0.121987,-1.55888,-0.0115552,-0.800718,0.00605276,
12,0.0120901,1.55514,0.560574,-0.497913,0.755511,1.22405,0.00596188,-0.0680431,1.52,-0.121987,-1.5589,-0.0115397,-0.800719,0.00605276,
12.1,0.0120922,1.55521,0.560574,-0.497788,0.755545,1.22413,0.00596188,-0.0680421,1.52,-0.121988,-1.5589,-0.0115386,-0.800719,0.00605276,
12.2,0.0120927,1.5551,0.560572,-0.497701,0.755567,1.22419,0.00596188,-0.068041,1.52,-0.121989,-1.55891,-0.0115301,-0.80072,0.00605276,
12.3,0.0120942,1.55515,0.560572,-0.49802,0.75549,1.22399,0.00596188,-0.0680406,1.52,-0.12199,-1.55889,-0.0115485,-0.80072,0.00605276,
12.4,0.0120952,1.55521,0.560571,-0.497735,0.755561,1.22417,0.00596188,-0.0680398,1.52,-0.12199,-1.55888,-0.0115581,-0.800721,0.00605276,
12.5,0.0120965,1.55518,0.56057,-0.497749,0.755552,1.22415,0.00596188,-0.0680385,1.52,-0.121991,-1.5589,-0.0115339,-0.800721,0.00605276,
12.6,0.0120971,1.55518,0.560569,-0.497731,0.755555,1.22415,0.00596188,-0.068038,1.52,-0.121992,-1.55889,-0.0115523,-0.800722,0.00605276,
12.7,0.0120993,1.55519,0.560569,-0.497772,0.755552,1.22414,0.00596188,-0.068037,1.52,-0.121992,-1.55889,-0.011547,-0.800722,0.00605276,
12.8,0.0121005,1.55518,0.560568,-0.497801,0.755543,1.22412,0.00596188,-0.0680357,1.52,-0.121993,-1.55891,-0.0115301,-0.800722,0.00605276,
12.9,0.0121013,1.55513,0.560567,-0.498029,0.755488,1.22397,0.00596188,-0.0680353,1.52,-0.121994,-1.55888,-0.0115582,-0.800723,0.00605276,
13,0.0121033,1.55522,0.560567,-0.497835,0.755543,1.22411,0.00596188,-0.068034,1.52,-0.121995,-1.55889,-0.0115487,-0.800724,0.00605276,
13.1,0.0121041,1.55518,0.560566,-0.497705,0.755567,1.22418,0.00596188,-0.0680327,1.52,-0.121995,-1.55892,-0.011523,-0.800724,0.00605276,
13.2,0.0121057,1.55511,0.560565,-0.497956,0.755507,1.22402,0.00596188,-0.0680317,1.52,-0.121995,-1.55891,-0.0115235,-0.800724,0.00605276,
13.3,0.0121055,1.55511,0.560563,-0.497728,0.755559,1.22415,0.00596188,-0.068031,1.52,-0.121997,-1.5589,-0.0115423,-0.800725,0.00605276,
13.4,0.0121072,1.55512,0.560562,-0.497848,0.755529,1.22407,0.00596188,-0.0680301,1.52,-0.121997,-1.5589,-0.0115406,-0.800725,0.00605276,
13.5,0.0121092,1.55508,0.560562,-0.497894,0.755523,1.22406,0.00596188,-0.0680286,1.52,-0.121998,-1.55891,-0.0115241,-0.800726,0.00605276,
13.6,0.0121107,1.55517,0.560561,-0.497682,0.755572,1.22418,0.00596188,-0.0680278,1.52,-0.121999,-1.55891,-0.0115286,-0.800726,0.00605276,
13.7,0.0121111,1.55509,0.560561,-0.497943,0.755512,1.22402,0.00596188,-0.0680272,1.52,-0.122,-1.55889,-0.0115476,-0.800727,0.00605276,
13.8,0.0121131,1.55518,0.560561,-0.497841,0.755543,1.2241,0.00596188,-0.0680262,1.52,-0.122,-1.55889,-0.0115446,-0.800728,0.00605276,
13.9,0.0121142,1.5552,0.56056,-0.497908,0.755515,1.22403,0.00596188,-0.0680251,1.52,-0.122001,-1.55891,-0.0115297,-0.800728,0.00605276,
14,0.0121161,1.55515,0.560559,-0.497803,0.755548,1.22411,0.00596188,-0.0680239,1.52,-0.122001,-1.55892,-0.0115173,-0.800728,0.00605276,
14.1,0.0121165,1.5551,0.560557,-0.497855,0.755537,1.22408,0.00596188,-0.0680234,1.52,-0.122002,-1.55889,-0.0115438,-0.800729,0.00605276,
14.2,0.0121181,1.55519,0.560558,-0.497891,0.755537,1.22408,0.00596188,-0.0680232,1.52,-0.122004,-1.55886,-0.0115746,-0.80073,0.00605276,
14.3,0.0121202,1.5552,0.560557,-0.497841,0.755551,1.22412,0.00596188,-0.0680217,1.52,-0.122005,-1.55888,-0.0115591,-0.80073,0.00605276,
14.4,0.0121214,1.55522,0.560556,-0.497713,0.755572,1.22417,0.00596188,-0.0680204,1.52,-0.122005,-1.5589,-0.0115353,-0.800731,0.00605276,
14.5,0.0121219,1.55519,0.560555,-0.49772,0.75557,1.22416,0.00596188,-0.0680195,1.52,-0.122005,-1.5589,-0.0115405,-0.800731,0.00605276,
14.6,0.0121234,1.55521,0.560554,-0.497872,0.755532,1.22406,0.00596188,-0.0680187,1.52,-0.122007,-1.55888,-0.0115528,-0.800732,0.00605276,
14.7,0.0121252,1.5552,0.560553,-0.497821,0.755552,1.22411,0.00596188,-0.0680177,1.52,-0.122007,-1.55888,-0.0115578,-0.800732,0.00605276,
14.8,0.0121263,1.55518,0.560552,-0.497758,0.755562,1.22414,0.00596188,-0.0680162,1.52,-0.122007,-1.5589,-0.0115349,-0.800733,0.00605276,
14.9,0.0121284,1.55513,0.560552,-0.497844,0.755547,1.2241,0.00596188,-0.0680151,1.52,-0.122008,-1.55892,-0.011518,-0.800733,0.00605276,
15,0.0121289,1.5552,0.560551,-0.497822,0.75555,1.2241,0.00596188,-0.0680147,1.52,-0.122009,-1.55888,-0.0115564,-0.800734,0.00605276,
15.1,0.0121301,1.5551,0.56055,-0.497798,0.755552,1.22411,0.00596188,-0.0680129,1.52,-0.122009,-1.55892,-0.0115164,-0.800734,0.00605276,
15.2,0.0121319,1.5551,0.560549,-0.497949,0.755518,1.22402,0.00596188,-0.0680124,1.52,-0.122011,-1.5589,-0.011539,-0.800735,0.00605276,
15.3,0.0121326,1.55516,0.560548,-0.497842,0.75554,1.22407,0.00596188,-0.0680114,1.52,-0.122012,-1.5589,-0.0115401,-0.800735,0.00605276,
15.4,0.0121337,1.55519,0.560547,-0.497745,0.755569,1.22415,0.00596188,-0.0680106,1.52,-0.122013,-1.55888,-0.0115568,-0.800736,0.00605276,
15.5,0.0121363,1.55519,0.560547,-0.497794,0.75556,1.22412,0.00596188,-0.0680088,1.52,-0.122013,-1.55892,-0.0115178,-0.800736,0.00605276,
15.6,0.0121374,1.55523,0.560546,-0.49784,0.755552,1.2241,0.00596188,-0.0680087,1.52,-0.122014,-1.55888,-0.0115598,-0.800737,0.00605276,
15.7,0.0121376,1.55519,0.560545,-0.497688,0.755589,1.2242,0.00596188,-0.0680081,1.52,-0.122015,-1.55886,-0.0115753,-0.800737,0.00605276,
15.8,0.0121403,1.55523,0.560545,-0.497694,0.755587,1.22419,0.00596188,-0.0680063,1.52,-0.122015,-1.5589,-0.0115339,-0.800738,0.00605276,
15.9,0.0121415,1.55515,0.560544,-0.497857,0.755551,1.22409,0.00596188,-0.0680053,1.52,-0.122016,-1.55891,-0.0115319,-0.800738,0.00605276,
16,0.0121428,1.55522,0.560544,-0.497835,0.755557,1.22411,0.00596188,-0.0680045,1.52,-0.122017,-1.55889,-0.011543,-0.800739,0.00605276,
16.1,0.0121437,1.55515,0.560542,-0.497818,0.755553,1.22409,0.00596188,-0.0680032,1.52,-0.122017,-1.55891,-0.0115262,-0.800739,0.00605276,
16.2,0.0121454,1.55522,0.560542,-0.497808,0.755558,1.22411,0.00596188,-0.0680026,1.52,-0.122018,-1.5589,-0.0115381,-0.80074,0.00605276,
16.3,0.0121462,1.55523,0.560541,-0.497649,0.755601,1.22422,0.00596188,-0.0680021,1.52,-0.122019,-1.55889,-0.0115499,-0.80074,0.00605276,
16.4,0.0121481,1.55514,0.56054,-0.497901,0.755541,1.22406,0.00596188,-0.0680007,1.52,-0.122019,-1.55891,-0.0115272,-0.80074,0.00605276,
16.5,0.0121484,1.55511,0.560539,-0.498077,0.755491,1.22393,0.00596188,-0.0680001,1.52,-0.12202,-1.55889,-0.0115502,-0.800741,0.00605276,
16.6,0.0121494,1.55515,0.560538,-0.497936,0.75553,1.22403,0.00596188,-0.0679994,1.52,-0.122021,-1.55888,-0.0115562,-0.800742,0.00605276,
16.7,0.0121513,1.55517,0.560538,-0.497772,0.755569,1.22413,0.00596188,-0.067998,1.52,-0.122021,-1.5589,-0.0115385,-0.800742,0.00605276,
16.8,0.012153,1.55519,0.560537,-0.497707,0.755586,1.22417,0.00596188,-0.0679968,1.52,-0.122022,-1.5589,-0.0115328,-0.800743,0.00605276,
16.9,0.0121546,1.55523,0.560537,-0.497792,0.755568,1.22412,0.00596188,-0.0679958,1.52,-0.122023,-1.5589,-0.011535,-0.800743,0.00605276,
17,0.00630056,1.55933,0.557319,-0.497833,0.75555,1.22408,0.00596188,-0.073843,1.52,-0.125285,-1.55608,-0.0142708,-0.800778,0.00605276,
17.1,0.00400129,1.6394,0.557987,-0.497833,0.75555,1.22408,0.00596188,-0.0769582,1.57824,-0.124047,-1.56941,-0.0227902,-0.800961,0.00605276,
17.2,0.00421414,1.68072,0.558141,-0.497833,0.75555,1.22407,0.00596188,-0.0774695,1.58272,-0.12362,-1.57143,-0.0224354,-0.800938,0.00605276,
17.3,0.00609959,1.71183,0.55914,-0.497833,0.75555,1.22408,0.00596188,-0.0754649,1.6567,-0.122186,-1.58394,-0.0374963,-0.801059,0.00605276,
17.4,0.0186431,1.79621,0.562662,-0.497833,0.75555,1.22408,0.00596188,-0.0643365,1.71835,-0.117442,-1.59644,-0.0481323,-0.80092,0.00605276,
17.5,0.026082,1.8643,0.562488,-0.497833,0.75555,1.22407,0.00596188,-0.0588478,1.75471,-0.115979,-1.60273,-0.055381,-0.800817,0.00605276,
17.6,0.0329982,1.92844,0.561317,-0.497833,0.75555,1.22407,0.00596188,-0.0532953,1.81012,-0.115812,-1.61302,-0.0658187,-0.800544,0.00605276,
17.7,0.0426142,1.99006,0.561089,-0.497833,0.75555,1.22408,0.00596188,-0.0423472,1.90838,-0.116969,-1.62926,-0.0863852,-0.799963,0.00605276,
17.8,0.0481569,2.04535,0.558798,-0.497833,0.75555,1.22407,0.00596188,-0.0407293,1.91437,-0.115752,-1.63399,-0.0840326,-0.799591,0.00605276,
17.9,0.0512996,2.08705,0.556383,-0.497833,0.75555,1.22408,0.00596188,-0.0352289,1.9948,-0.120157,-1.64511,-0.103041,-0.799058,0.00605276,
18,0.0603642,2.14583,0.554908,-0.497833,0.75555,1.22407,0.00596188,-0.0302938,2.01227,-0.11778,-1.65087,-0.103992,-0.798569,0.00605276,
18.1,0.0762432,2.20108,0.556622,-0.497833,0.75555,1.22408,0.00596188,-0.0139837,2.0805,-0.116358,-1.66128,-0.119249,-0.797847,0.00605276,
18.2,0.0954424,2.27405,0.554964,-0.497833,0.75555,1.22408,0.00596188,0.0040743,2.1504,-0.116882,-1.66982,-0.137146,-0.797285,0.00605276,
18.3,0.113613,2.34914,0.550689,-0.497833,0.75555,1.22407,0.00596188,0.0165014,2.18184,-0.115605,-1.68375,-0.131914,-0.795553,0.00605276,
18.4,0.144525,2.46342,0.539372,-0.497833,0.75555,1.22407,0.00596188,0.0453195,2.2963,-0.12474,-1.70801,-0.154169,-0.792644,0.00605276,
18.5,0.18033,2.60146,0.516739,-0.497833,0.75555,1.22407,0.00596188,0.0824442,2.45278,-0.148708,-1.69818,-0.211504,-0.795773,0.00605276,
18.6,0.215559,2.71696,0.497641,-0.497833,0.75555,1.22407,0.00596188,0.112514,2.54655,-0.162388,-1.78876,-0.166378,-0.779193,0.00605276,
18.7,0.240675,2.80875,0.48119,-0.497833,0.75555,1.22407,0.00596188,0.13226,2.61717,-0.173382,-1.75891,-0.228356,-0.785026,0.00605276,
18.8,0.260927,2.89878,0.460925,-0.497833,0.75555,1.22407,0.00596188,0.152423,2.7121,-0.193473,-1.76852,-0.25647,-0.783718,0.00605276,
18.9,0.283057,2.97501,0.446688,-0.497833,0.75555,1.22407,0.00596188,0.168655,2.7667,-0.201732,-1.80401,-0.242681,-0.775347,0.00605276,
19,0.294577,3.03277,0.433134,-0.497833,0.75555,1.22407,0.00596188,0.181511,2.83323,-0.216598,-1.80243,-0.271608,-0.776144,0.00605276,
19.1,0.294577,3.03277,0.433134,-0.497833,0.75555,1.22407,0.00596188,0.176824,2.81392,-0.211886,-1.80262,-0.262215,-0.775912,0.00605276,
19.2,0.313155,3.11938,0.417733,-0.497833,0.75555,1.22407,0.00596188,0.190467,2.88207,-0.222343,-1.80538,-0.263985,-0.77527,0.00605276,
19.3,0.294649,3.25463,0.0437607,-0.497833,0.755549,1.22408,0.00596188,0.132821,2.863,-0.435937,-1.31956,-0.65229,-0.982118,0.00605276,
19.4,0.285241,3.29033,-0.0334691,-0.497833,0.75555,1.22407,0.00596188,0.18498,3.10718,-0.695721,-1.76371,-0.0759803,-0.78687,0.00605276,
19.5,0.286424,3.34004,-0.102208,-0.497833,0.75555,1.22407,0.00596188,0.20372,3.26023,-0.781909,-1.53595,-0.0941668,-0.804727,0.00605276,
19.6,0.284429,3.38669,-0.167102,-0.497833,0.75555,1.22407,0.00596188,0.20563,3.33322,-0.850587,-1.48981,-0.0330219,-0.800398,0.00605276,
19.7,0.281374,3.39267,-0.178034,-0.497833,0.75555,1.22407,0.00596188,0.202173,3.32632,-0.862042,-1.5095,-0.0286644,-0.800629,0.00605276,
19.8,0.281597,3.46418,-0.273228,-0.497833,0.75555,1.22408,0.00596188,0.196543,3.36977,-0.951221,-1.73685,0.0477235,-0.799115,0.00605276,
19.9,0.277006,3.61053,-0.67888,-0.497833,0.75555,1.22407,0.00596188,0.169777,3.41363,-1.33486,-1.66987,-0.259256,-0.80371,0.00605276,
20,0.277006,3.61053,-0.67888,-0.497833,0.75555,1.22407,0.00596188,0.151092,3.37942,-1.31535,-1.91237,-0.29001,-0.745708,0.00605276,
20.1,0.277006,3.61053,-0.67888,-0.497833,0.75555,1.22407,0.00596188,0.140066,3.35533,-1.30397,-1.92986,-0.358143,-0.739508,0.00605276,
20.2,0.263991,5.4903,-5.83015,-0.497828,0.755539,1.22408,0.00596188,-0.258933,4.612,-7.37854,-2.67361,0.688103,-0.764014,0.00605276,
20.3,0.207584,6.18463,-8.01328,-0.497833,0.75555,1.22407,0.00596188,-0.123405,5.75267,-8.53818,-0.252533,-1.05077,-2.50968,0.00605276,
20.4,0.195558,6.4456,-8.78229,-0.497833,0.75555,1.22408,0.00596188,0.11888,6.3083,-9.46991,-1.57348,0.0586081,-0.801204,0.00605276,
20.5,0.195558,6.4456,-8.78229,-0.497833,0.75555,1.22408,0.00596188,-0.0963109,6.87391,-9.23303,-0.278957,0.74161,-0.177009,0.00605276,
20.6,0.195558,6.4456,-8.78229,-0.497833,0.75555,1.22408,0.00596188,-0.362234,6.80652,-8.95092,0.86741,0.530819,0.614089,0.00605276,
20.7,0.195558,6.4456,-8.78229,-0.497833,0.75555,1.22408,0.00596188,-0.459168,6.63845,-8.85073,1.28034,0.208065,0.794826,0.00605276,
20.8,0.0951284,10.0311,-18.433,-0.497833,0.755549,1.22408,0.00596188,-0.590195,10.0224,-18.5601,1.36545,-0.102355,0.831294,0.00605276,
20.9,0.078002,10.7297,-20.3675,-0.497833,0.75555,1.22407,0.00596188,-0.300899,10.0799,-20.7431,1.9505,-0.709487,0.782515,0.00605276,
21,0.0780019,10.7297,-20.3675,-0.497833,0.75555,1.22407,0.00596188,-0.359737,10.2988,-20.6746,2.75177,-0.819682,0.288129,0.00605276,
21.1,0.0780019,10.7297,-20.3675,-0.497833,0.75555,1.22407,0.00596188,-0.0879821,10.426,-20.9624,-2.2204,-0.606194,-0.610504,0.00605276,
21.2,0.0780019,10.7297,-20.3675,-0.497833,0.75555,1.22407,0.00596188,-0.0182856,10.8888,-21.0301,-1.36777,0.172328,-0.776975,0.00605276,
21.3,0.0780019,10.7297,-20.3675,-0.497833,0.75555,1.22408,0.00596188,-0.23052,11.165,-20.8004,-0.448949,0.733024,-0.296984,0.00605276,
21.4,0.0780019,10.7297,-20.3675,-0.497833,0.75555,1.22408,0.00596188,-0.409677,11.147,-20.6098,0.374729,0.745484,0.295542,0.00605276,
21.5,0.0780019,10.7297,-20.3675,-0.497833,0.75555,1.22408,0.00596188,-0.442993,11.1247,-20.5746,0.528536,0.708182,0.401569,0.00605276,
21.6,0.0780019,10.7297,-20.3675,-0.497833,0.75555,1.22408,0.00596188,-0.34187,11.1724,-20.6817,0.0564126,0.783085,0.0667474,0.00605276,
21.7,0.0780019,10.7297,-20.3675,-0.497833,0.75555,1.22408,0.00596188,-0.120476,11.0894,-20.9186,-0.905113,0.549074,-0.587682,0.00605276,
21.8,0.0780019,10.7297,-20.3675,-0.497833,0.75555,1.22408,0.00596188,-0.00229754,10.693,-21.0499,-1.68133,-0.151641,-0.796223,0.00605276,
21.9,0.0780019,10.7297,-20.3675,-0.497833,0.75555,1.22407,0.00596188,-0.181227,10.3312,-20.8658,-2.65933,-0.768839,-0.337323,0.00605276,
22,0.083986,13.2244,-27.172,-0.497833,0.75555,1.22407,0.00596188,-0.52265,12.8992,-27.324,2.49075,-0.827353,0.469195,0.00605276,
22.1,0.0656018,13.5905,-28.2302,-0.497833,0.75555,1.22407,0.00596188,-0.565203,13.3363,-28.3395,1.57463,-0.941074,1.07576,0.00605276,
22.2,0.0515641,13.9108,-29.1883,-0.497833,0.75555,1.22408,0.00596188,-0.571877,13.6324,-29.3152,2.07584,-0.874029,0.740526,0.00605276,
22.3,0.0515988,13.9602,-29.3394,-0.497833,0.75555,1.22407,0.00596188,-0.398684,13.5334,-29.6331,2.95357,-0.854619,0.143764,0.00605276,
22.4,0.0515988,13.9602,-29.3394,-0.497833,0.75555,1.22407,0.00596188,-0.126427,13.6398,-29.9216,-2.10402,-0.521258,-0.668911,0.00605276,
22.5,0.0515988,13.9602,-29.3394,-0.497833,0.75555,1.22408,0.00596188,-0.0229215,14.0272,-30.0265,-1.30684,0.250134,-0.761256,0.00605276,
22.6,0.0515988,13.9602,-29.3394,-0.497833,0.75555,1.22408,0.00596188,-0.213287,14.3745,-29.819,-0.414003,0.748508,-0.272536,0.00605276,
22.7,0.0515988,13.9602,-29.3394,-0.497833,0.75555,1.22408,0.00596188,-0.366269,14.4028,-29.6558,0.301115,0.7616,0.243449,0.00605276,
22.8,0.12972,15.0547,-32.209,-0.497833,0.75555,1.22407,0.00596188,0.281755,15.1307,-33.1397,-0.498489,0.323025,-0.362676,0.00605276,
22.9,0.182316,15.251,-32.8296,-0.497833,0.75555,1.22408,0.00596188,0.100292,15.3919,-33.4661,-1.40653,0.604609,-0.825391,0.00605276,
23,0.225483,15.3849,-33.2977,-0.497833,0.75555,1.22407,0.00596188,0.143172,15.3115,-33.9772,-1.90787,0.228617,-0.826269,0.00605276,
23.1,0.24351,15.4646,-33.5553,-0.497833,0.75555,1.22408,0.00596188,0.154657,15.3557,-34.2297,-1.64277,-0.13131,-0.80001,0.00605276,
23.2,0.2847,15.6641,-34.2309,-0.497832,0.755547,1.22408,0.00596188,0.15527,15.2737,-34.4921,-1.6237,-0.324425,-0.763906,0.00605276,
23.3,0.314261,15.7799,-34.6031,-0.497833,0.75555,1.22408,0.00596188,0.207224,15.6015,-35.2613,-1.91448,-0.124153,-0.755315,0.00605276,
23.4,0.314261,15.7799,-34.6031,-0.497833,0.75555,1.22407,0.00596188,0.202514,15.5826,-35.2543,-1.77909,-0.268282,-0.78167,0.00605276,
23.5,0.314261,15.7799,-34.6031,-0.497833,0.75555,1.22407,0.00596188,0.193991,15.551,-35.2456,-1.8201,-0.24391,-0.771523,0.00605276,
23.6,0.314261,15.7799,-34.6031,-0.497833,0.75555,1.22407,0.00596188,0.198811,15.5735,-35.2505,-1.78939,-0.303812,-0.780488,0.00605276,
23.7,0.370876,16.0655,-35.5712,-0.497833,0.75555,1.22408,0.00596188,0.251542,15.833,-36.3083,-1.54809,-0.549353,-0.879735,0.00605276,
23.8,0.38057,16.1128,-35.7227,-0.497833,0.75555,1.22408,0.00596188,0.296981,16.2037,-36.3997,-1.34606,0.182293,-0.772234,0.00605276,
23.9,0.38057,16.1128,-35.7227,-0.497833,0.75555,1.22408,0.00596188,0.217522,16.4269,-36.3122,-0.864305,0.543743,-0.565295,0.00605276,
24,0.38057,16.1128,-35.7227,-0.497833,0.75555,1.22408,0.00596188,0.146467,16.5062,-36.237,-0.544669,0.679062,-0.362905,0.00605276,
24.1,0.38057,16.1128,-35.7227,-0.497833,0.75555,1.22408,0.00596188,0.159781,16.4956,-36.253,-0.590442,0.62731,-0.394519,0.00605276,
24.2,0.38057,16.1128,-35.7227,-0.497833,0.75555,1.22408,0.00596188,0.240608,16.3882,-36.3423,-0.916608,0.392252,-0.601304,0.00605276,
24.3,0.38057,16.1128,-35.7227,-0.497833,0.75555,1.22408,0.00596188,0.305229,16.1156,-36.4099,-1.38697,0.0522116,-0.786171,0.00605276,
24.4,0.38057,16.1128,-35.7227,-0.497833,0.75555,1.22407,0.00596188,0.239,15.8488,-36.343,-1.97714,-0.351489,-0.722814,0.00605276,
24.5,0.38057,16.1128,-35.7227,-0.497833,0.75555,1.22407,0.00596188,0.0877894,15.6958,-36.1841,-2.55395,-0.788717,-0.40921,0.00605276,
24.6,0.38057,16.1128,-35.7227,-0.497833,0.75555,1.22407,0.00596188,-0.0127845,15.6753,-36.0773,-3.04247,-0.836313,-0.0653476,0.00605276,
24.7,0.38057,16.1128,-35.7227,-0.497833,0.75555,1.22407,0.00596188,0.0164213,15.6762,-36.1083,-2.89742,-0.834437,-0.17029,0.00605276,
24.8,0.38057,16.1128,-35.7227,-0.497833,0.75555,1.22407,0.00596188,0.153212,15.7388,-36.2531,-2.3,-0.641578,-0.566194,0.00605276,
24.9,0.38057,16.1128,-35.7227,-0.497833,0.75555,1.22407,0.00596188,0.274748,15.9266,-36.38,-1.74343,-0.203663,-0.787557,0.00605276,
25,0.38057,16.1128,-35.7227,-0.497833,0.75555,1.22408,0.00596188,0.294122,16.2283,-36.3965,-1.29711,0.256395,-0.758551,0.00605276,
25.1,0.38057,16.1128,-35.7227,-0.497833,0.75555,1.22408,0.00596188,0.22014,16.4229,-36.315,-0.896434,0.562685,-0.582699,0.00605276,
25.2,0.38057,16.1128,-35.7227,-0.497833,0.75555,1.22408,0.00596188,0.173814,16.481,-36.265,-0.680721,0.66143,-0.452458,0.00605276,
25.3,0.38057,16.1128,-35.7227,-0.497833,0.75555,1.22408,0.00596188,0.202606,16.4483,-36.2971,-0.799516,0.582322,-0.526833,0.00605276,
25.4,0.38057,16.1128,-35.7227,-0.497833,0.75555,1.22408,0.00596188,0.274459,16.3058,-36.3776,-1.13596,0.319542,-0.703493,0.00605276,
25.5,0.38057,16.1128,-35.7227,-0.497833,0.75555,1.22407,0.00596188,0.296911,16.0104,-36.4025,-1.57323,-0.0630274,-0.802005,0.00605276,
25.6,0.38057,16.1128,-35.7227,-0.497833,0.75555,1.22407,0.00596188,0.2078,15.7997,-36.3104,-2.10452,-0.484216,-0.668397,0.00605276,
25.7,0.38057,16.1128,-35.7227,-0.497833,0.75555,1.22407,0.00596188,0.0659441,15.687,-36.1609,-2.66508,-0.79381,-0.333815,0.00605276,
25.8,0.38057,16.1128,-35.7227,-0.497833,0.75555,1.22407,0.00596188,0.00390856,15.6752,-36.0952,-2.96082,-0.828618,-0.124528,0.00605276,
25.9,0.38057,16.1128,-35.7227,-0.497833,0.75555,1.22407,0.00596188,0.0654248,15.687,-36.1604,-2.67034,-0.788446,-0.330134,0.00605276,
26,0.38057,16.1128,-35.7227,-0.497833,0.75555,1.22407,0.00596188,0.200449,15.7892,-36.3028,-2.10552,-0.520936,-0.668181,0.00605276,
26.1,0.38057,16.1128,-35.7227,-0.497833,0.75555,1.22407,0.00596188,0.292794,15.9901,-36.3983,-1.62597,-0.0807883,-0.800073,0.00605276,
26.2,0.38057,16.1128,-35.7227,-0.497833,0.75555,1.22408,0.00596188,0.283409,16.2757,-36.3844,-1.22627,0.321625,-0.735922,0.00605276,
26.3,0.38057,16.1128,-35.7227,-0.497833,0.75555,1.22408,0.00596188,0.219781,16.4234,-36.3147,-0.894837,0.563779,-0.581801,0.00605276,
26.4,0.38057,16.1128,-35.7227,-0.497833,0.75555,1.22408,0.00596188,0.195297,16.4571,-36.2883,-0.777114,0.616017,-0.512884,0.00605276,
26.5,0.38057,16.1128,-35.7227,-0.497833,0.75555,1.22408,0.00596188,0.234474,16.3994,-36.3318,-0.944475,0.493157,-0.609873,0.00605276,
26.6,0.38057,16.1128,-35.7227,-0.497833,0.75555,1.22408,0.00596188,0.296452,16.2163,-36.3992,-1.32891,0.262607,-0.766923,0.00605276,
26.7,0.38057,16.1128,-35.7227,-0.497833,0.75555,1.22407,0.00596188,0.281382,15.9496,-36.3868,-1.69495,-0.184381,-0.795239,0.00605276,
26.8,0.38057,16.1128,-35.7227,-0.497833,0.75555,1.22407,0.00596188,0.178554,15.7634,-36.2798,-2.17553,-0.607577,-0.634795,0.00605276,
26.9,0.38057,16.1128,-35.7227,-0.497833,0.75555,1.22407,0.00596188,0.0567156,15.684,-36.1512,-2.7026,-0.816472,-0.308121,0.00605276,
27,0.38057,16.1128,-35.7227,-0.497833,0.75555,1.22407,0.00596188,0.0251359,15.6765,-36.1189,-2.8485,-0.843898,-0.205247,0.00605276,
27.1,0.38057,16.1128,-35.7227,-0.497833,0.75555,1.22407,0.00596188,0.107745,15.7061,-36.2052,-2.47497,-0.743373,-0.460199,0.00605276,
27.2,0.38057,16.1128,-35.7227,-0.497833,0.75555,1.22407,0.00596188,0.232251,15.8366,-36.336,-1.95701,-0.425794,-0.730699,0.00605276,
27.3,0.38057,16.1128,-35.7227,-0.497833,0.75555,1.22407,0.00596188,0.301664,16.0482,-36.407,-1.53616,0.00447789,-0.800034,0.00605276,
27.4,0.38057,16.1128,-35.7227,-0.497833,0.75555,1.22408,0.00596188,0.277445,16.2979,-36.3778,-1.16864,0.349381,-0.714947,0.00605276,
27.5,0.38057,16.1128,-35.7227,-0.497833,0.75555,1.22408,0.00596188,0.22357,16.4175,-36.319,-0.901087,0.537567,-0.585709,0.00605276,
27.6,0.38057,16.1128,-35.7227,-0.497833,0.75555,1.22408,0.00596188,0.214435,16.4317,-36.3101,-0.851513,0.550368,-0.557725,0.00605276,
27.7,0.38057,16.1128,-35.7227,-0.497833,0.75555,1.22408,0.00596188,0.255907,16.3556,-36.3566,-1.03327,0.395507,-0.656961,0.00605276,
27.8,0.38057,16.1128,-35.7227,-0.497833,0.75555,1.22408,0.00596188,0.304364,16.1474,-36.4085,-1.38726,0.142774,-0.781403,0.00605276,
27.9,0.460526,21.1639,-49.5805,-0.497833,0.755548,1.22408,0.00596188,1.11417,21.872,-51.0501,-2.29033,-0.504928,-0.580887,0.00605276,
28,0.464401,21.9485,-51.8966,-0.497833,0.755549,1.22408,0.00596188,0.39618,22.3279,-52.7193,-0.905415,-0.580196,-0.991525,0.00605276,
28.1,0.465401,22.0807,-52.2591,-0.497833,0.75555,1.22407,0.00596188,0.37709,21.9782,-52.9339,-1.77217,-0.274014,-0.783492,0.00605276,
28.2,0.465401,22.0807,-52.2591,-0.497833,0.75555,1.22407,0.00596188,0.333703,21.8388,-52.8896,-2.05178,-0.502515,-0.692898,0.00605276,
28.3,0.465401,22.0807,-52.2591,-0.497833,0.75555,1.22407,0.00596188,0.28202,21.7536,-52.8357,-2.30598,-0.644283,-0.562749,0.00605276,
28.4,0.434916,23.8598,-57.5859,-0.497833,0.75555,1.22408,0.00596188,0.00833335,23.463,-58.0878,-0.748255,-1.24669,-2.11142,0.00605276,
28.5,0.441381,24.4063,-59.101,-0.497833,0.75555,1.22408,0.00596188,0.0994668,23.9601,-59.5567,-2.51505,-0.444249,-0.452685,0.00605276,
28.6,0.471426,24.9377,-60.4774,-0.497833,0.75555,1.22408,0.00596188,0.146606,24.396,-60.9301,-2.21485,-0.360024,-0.626414,0.00605276,
28.7,0.523976,25.4635,-61.7363,-0.497833,0.75555,1.22408,0.00596188,0.32712,25.141,-62.3381,-1.87522,-0.601342,-0.78385,0.00605276,
28.8,0.565611,25.9408,-62.8787,-0.497833,0.75555,1.22408,0.00596188,0.248987,25.4305,-63.3341,-1.87145,-0.77266,-0.819873,0.00605276,
28.9,0.614212,26.391,-63.9185,-0.497833,0.75555,1.22408,0.00596188,0.406007,25.9521,-64.4936,-1.99291,-0.241613,-0.724028,0.00605276,
29,0.680167,26.8244,-64.8712,-0.497834,0.75555,1.22407,0.00596188,0.587772,26.6164,-65.555,-1.52379,-0.24117,-0.822127,0.00605276,
29.1,0.745064,27.2329,-65.7398,-0.497834,0.75555,1.22407,0.00596188,0.669894,27.2182,-66.4351,-0.826617,-0.548084,-0.998297,0.00605276,
29.2,0.80892,27.6274,-66.5345,-0.497833,0.75555,1.22407,0.00596188,0.705835,27.3651,-67.2068,-1.48747,-0.280544,-0.832809,0.00605276,
29.3,0.86173,27.9697,-67.2532,-0.497833,0.75555,1.22408,0.00596188,0.625085,27.5418,-67.7842,-2.01248,-0.515674,-0.712505,0.00605276,
29.4,0.911896,28.2831,-67.9057,-0.497833,0.75555,1.22408,0.00596188,0.713762,27.8799,-68.4771,-1.94183,-0.369001,-0.736358,0.00605276,
29.5,0.95514,28.5592,-68.4942,-0.497833,0.75555,1.22408,0.00596188,0.789016,28.1944,-69.0994,-1.68908,-0.45323,-0.824238,0.00605276,
29.6,0.994754,28.814,-69.0301,-0.497833,0.75555,1.22407,0.00596188,0.873676,28.5446,-69.6854,-1.67598,-0.250997,-0.801818,0.00605276,
29.7,1.01398,28.9355,-69.2789,-0.497833,0.75555,1.22407,0.00596188,0.932419,28.854,-69.9606,-1.49682,-0.0975794,-0.805588,0.00605276,
29.8,1.04145,29.1121,-69.6396,-0.497833,0.75555,1.22408,0.00596188,0.965517,29.075,-70.3265,-1.57338,0.135826,-0.804487,0.00605276,
29.9,1.04145,29.1121,-69.6396,-0.497833,0.75555,1.22408,0.00596188,0.962882,29.1239,-70.3231,-1.52147,0.102272,-0.798981,0.00605276,
30,1.04145,29.1121,-69.6396,-0.497833,0.75555,1.22407,0.00596188,0.962254,29.0339,-70.3237,-1.55992,0.0176048,-0.800423,0.00605276,
30.1,1.11425,29.6018,-70.6603,-0.497833,0.75555,1.22407,0.00596188,1.04095,29.5315,-71.3283,-0.512843,-0.725564,-1.2742,0.00605276,
30.2,1.09673,29.2818,-70.7911,-0.497833,0.75555,1.22407,0.00596188,1.07805,29.3241,-71.5371,-0.928567,0.249303,-0.625138,0.00605276,
30.3,1.10341,29.062,-71.0109,-0.497833,0.75555,1.22408,0.00596188,1.09676,29.2619,-71.764,-0.727429,0.716723,-0.482234,0.00605276,
30.4,1.10117,29.0628,-71.0519,-0.497833,0.75555,1.22408,0.00596188,0.914554,29.4096,-71.6204,-0.722047,0.53236,-0.482244,0.00605276,
30.5,1.10117,29.0628,-71.0519,-0.497833,0.75555,1.22408,0.00596188,0.978297,29.3014,-71.6916,-0.977333,0.301044,-0.639396,0.00605276,
30.6,1.10117,29.0628,-71.0519,-0.497833,0.75555,1.22407,0.00596188,1.02579,29.0457,-71.7392,-1.52277,0.134181,-0.799926,0.00605276,
30.7,1.10117,29.0628,-71.0519,-0.497833,0.75555,1.22407,0.00596188,0.964586,28.808,-71.6774,-1.87677,-0.404732,-0.759098,0.00605276,
30.8,1.10117,29.0628,-71.0519,-0.497833,0.75555,1.22407,0.00596188,0.834085,28.6596,-71.5404,-2.45961,-0.723509,-0.46972,0.00605276,
30.9,1.10117,29.0628,-71.0519,-0.497833,0.75555,1.22407,0.00596188,0.739651,28.6255,-71.442,-2.87857,-0.847085,-0.183671,0.00605276,
31,1.10117,29.0628,-71.0519,-0.497833,0.75555,1.22407,0.00596188,0.764309,28.6303,-71.4673,-2.7604,-0.827556,-0.267689,0.00605276,
31.1,1.10117,29.0628,-71.0519,-0.497833,0.75555,1.22407,0.00596188,0.885074,28.6991,-71.5942,-2.24113,-0.62975,-0.599566,0.00605276,
31.2,1.10117,29.0628,-71.0519,-0.497833,0.75555,1.22407,0.00596188,0.993022,28.8697,-71.7068,-1.75058,-0.220729,-0.786536,0.00605276,
31.3,1.10838,28.9842,-71.0594,-0.055448,0.816892,1.53834,0.00596188,1.02294,29.0827,-71.7351,-1.33204,0.193537,-0.769857,0.00605276,
31.4,1.1624,28.1679,-71.1105,0.711279,0.696683,2.07761,0.00596188,0.983826,28.4829,-71.6957,-0.860643,0.566715,-0.581031,0.00605276,
31.5,1.25747,26.4291,-71.1994,1.27951,0.377389,2.38237,0.00596188,0.904283,26.8446,-71.6191,-0.181692,0.805102,-0.157899,0.00605276,
31.6,1.36147,23.7921,-71.3009,1.70896,0.0225766,2.4993,0.00596188,0.815937,24.1436,-71.53,0.660654,0.82886,0.41457,0.00605276,
31.7,1.43185,20.2483,-71.3923,2.14896,-0.368926,2.49345,0.00596188,0.760714,20.3886,-71.4508,1.36194,0.607161,0.815643,0.00605276,
31.8,1.4373,15.7688,-71.4483,2.65812,-0.678525,2.34655,0.00596188,0.769444,15.608,-71.4065,1.86001,0.273266,0.960294,0.00605276,
31.9,1.36645,10.3057,-71.4532,-2.87173,-0.865365,1.96323,0.00596188,0.853333,9.84891,-71.4126,2.34218,-0.0332836,0.944666,0.00605276,
32,1.33083,4.23422,-71.5565,-2.44535,-0.922828,1.89369,0.00596188,0.932244,3.62967,-71.4813,2.69221,-0.153073,0.986758,0.00605276,
32.1,2.40997,3.03918,-71.8434,2.89117,-0.631971,2.06468,0.00596188,1.75454,2.84322,-71.9185,1.88494,0.135336,0.782081,0.00605276,
32.2,3.2296,1.52003,-72.1424,2.41468,-0.440127,1.93303,0.00596188,2.57648,1.55784,-72.352,1.556,-0.0334377,0.578473,0.00605276,
32.3,3.43026,1.52,-72.2515,2.71439,-0.510751,1.78977,0.00596188,2.77808,1.56174,-72.4669,1.55695,-0.0150077,0.567995,0.00605276,
32.4,3.43418,1.52,-72.2538,2.74157,-0.514733,1.77602,0.00596188,2.78176,1.556,-72.4697,1.56489,-0.0268632,0.566956,0.00605276,
32.5,3.43418,1.52,-72.2538,2.74157,-0.514734,1.77602,0.00596188,2.78176,1.55602,-72.4697,1.56489,-0.0268967,0.566957,0.00605276,
32.6,3.43418,1.52,-72.2538,2.74155,-0.514729,1.77603,0.00596188,2.78176,1.55599,-72.4697,1.56492,-0.0268578,0.566956,0.00605276,
32.7,3.43418,1.52,-72.2538,2.74158,-0.514735,1.77602,0.00596188,2.78176,1.55601,-72.4697,1.56488,-0.0269257,0.566957,0.00605276,
32.8,3.43418,1.52,-72.2538,2.74156,-0.514732,1.77603,0.00596188,2.78176,1.55602,-72.4697,1.56488,-0.0268686,0.566956,0.00605276,
32.9,3.43419,1.52,-72.2538,2.74159,-0.514737,1.77601,0.00596188,2.78176,1.55597,-72.4697,1.56489,-0.0269116,0.566957,0.00605276,
33,3.43419,1.52,-72.2538,2.74149,-0.514718,1.77606,0.00596188,2.78177,1.55599,-72.4697,1.56492,-0.0268498,0.566955,0.00605276,
33.1,3.43419,1.52,-72.2538,2.74156,-0.514732,1.77602,0.00596188,2.78177,1.55595,-72.4697,1.56489,-0.0268561,0.566956,0.00605276,
33.2,3.43419,1.52,-72.2538,2.7416,-0.514739,1.77601,0.00596188,2.78177,1.55589,-72.4697,1.56491,-0.0268737,0.566956,0.00605276,
33.3,3.43419,1.52,-72.2538,2.74154,-0.514727,1.77604,0.00596188,2.78177,1.55601,-72.4697,1.56492,-0.0269092,0.566956,0.00605276,
33.4,3.43419,1.52,-72.2538,2.74152,-0.514724,1.77605,0.00596188,2.78177,1.55599,-72.4697,1.56489,-0.0268663,0.566956,0.00605276,
33.5,3.43419,1.52,-72.2538,2.74156,-0.514731,1.77603,0.00596188,2.78177,1.55603,-72.4697,1.56489,-0.0268772,0.566956,0.00605276,
33.6,3.43419,1.52,-72.2538,2.74157,-0.514734,1.77602,0.00596188,2.78177,1.55604,-72.4697,1.56492,-0.0268461,0.566955,0.00605276,
33.7,3.43419,1.52,-72.2538,2.74157,-0.514734,1.77602,0.00596188,2.78177,1.55602,-72.4697,1.56487,-0.0269163,0.566956,0.00605276,
33.8,3.4342,1.52,-72.2538,2.74152,-0.514724,1.77605,0.00596188,2.78177,1.55603,-72.4697,1.56489,-0.026942,0.566957,0.00605276,
33.9,3.4342,1.52,-72.2538,2.74159,-0.514738,1.77601,0.00596188,2.78177,1.55592,-72.4697,1.56489,-0.0268258,0.566955,0.00605276,
34,3.4342,1.52,-72.2538,2.74159,-0.514736,1.77601,0.00596188,2.78177,1.55595,-72.4697,1.56491,-0.0268758,0.566955,0.00605276,
34.1,3.4342,1.52,-72.2538,2.74157,-0.514733,1.77602,0.00596188,2.78178,1.556,-72.4697,1.56493,-0.026823,0.566954,0.00605276,
