tgDataLogger2 started logging at time 01242019_112547, with 2 sensors on 1 senseable objects.
time,0_rod(strut).X,0_rod(strut).Y,0_rod(strut).Z,0_rod(strut).Euler1,0_rod(strut).Euler2,0_rod(strut).Euler3,0_rod(strut).mass,1_rod(strut).X,1_rod(strut).Y,1_rod(strut).Z,1_rod(strut).Euler1,1_rod(strut).Euler2,1_rod(strut).Euler3,1_rod(strut).mass,
0.1,0.316466,9.38139,0.312358,-0.854635,0.2363,0.517355,0.149047,0.233686,9.03836,-0.311295,-1.53366,-0.811526,-0.831297,0.151319,
0.2,0.316473,7.91037,0.31237,-0.85463,0.236321,0.517381,0.149047,0.23368,7.56736,-0.311306,-1.53343,-0.811634,-0.831458,0.151319,
0.3,0.316472,5.45835,0.312376,-0.854626,0.236342,0.517405,0.149047,0.23368,5.11536,-0.311313,-1.53343,-0.811606,-0.831462,0.151319,
0.4,0.278881,2.58763,0.482196,-0.729825,0.587487,0.804585,0.149047,0.152316,2.55794,-0.222314,-1.39209,-0.397434,-0.9098,0.151319,
0.5,0.220135,1.6,0.639124,-0.671241,0.818805,1.04515,0.149047,0.0633991,1.7877,-0.0371716,-1.55165,-0.0766954,-0.924846,0.151319,
0.6,0.219741,1.6,0.640552,-0.670569,0.820167,1.0452,0.149047,0.0618334,1.77875,-0.0347049,-1.55024,-0.0747121,-0.925866,0.151319,
0.7,0.219737,1.6,0.640584,-0.670433,0.820222,1.0453,0.149047,0.0618301,1.77875,-0.0346701,-1.55024,-0.0747098,-0.92587,0.151319,
0.8,0.219732,1.6,0.640588,-0.670348,0.820256,1.04536,0.149047,0.0618255,1.77875,-0.0346672,-1.55024,-0.0747128,-0.92587,0.151319,
0.9,0.219727,1.6,0.640591,-0.670265,0.820288,1.04542,0.149047,0.0618212,1.77875,-0.0346648,-1.55024,-0.0747159,-0.92587,0.151319,
1,0.219723,1.6,0.640594,-0.670182,0.820321,1.04548,0.149047,0.0618169,1.77875,-0.0346625,-1.55023,-0.0747193,-0.92587,0.151319,
1.1,0.219718,1.6,0.640596,-0.670098,0.820354,1.04554,0.149047,0.0618126,1.77875,-0.0346602,-1.55023,-0.0747231,-0.925871,0.151319,
1.2,0.219713,1.6,0.640599,-0.670013,0.820388,1.0456,0.149047,0.0618082,1.77875,-0.0346579,-1.55022,-0.0747273,-0.925871,0.151319,
1.3,0.219708,1.6,0.640602,-0.669927,0.820421,1.04567,0.149047,0.0618038,1.77875,-0.0346557,-1.55021,-0.0747319,-0.925871,0.151319,
1.4,0.219703,1.6,0.640605,-0.669841,0.820455,1.04573,0.149047,0.0617993,1.77875,-0.0346536,-1.55021,-0.0747368,-0.925872,0.151319,
1.5,0.219697,1.6,0.640608,-0.669754,0.82049,1.04579,0.149047,0.0617947,1.77875,-0.0346514,-1.5502,-0.074742,-0.925872,0.151319,
1.6,0.219692,1.6,0.64061,-0.669666,0.820524,1.04586,0.149047,0.0617901,1.77875,-0.0346493,-1.55019,-0.0747476,-0.925873,0.151319,
1.7,0.219687,1.6,0.640613,-0.669577,0.820559,1.04592,0.149047,0.0617855,1.77875,-0.0346472,-1.55019,-0.0747535,-0.925873,0.151319,
1.8,0.219681,1.6,0.640616,-0.669487,0.820595,1.04599,0.149047,0.0617808,1.77875,-0.0346452,-1.55018,-0.0747597,-0.925874,0.151319,
1.9,0.219676,1.6,0.640618,-0.669397,0.82063,1.04605,0.149047,0.0617761,1.77875,-0.0346431,-1.55017,-0.0747661,-0.925874,0.151319,
2,0.219671,1.6,0.640621,-0.669307,0.820666,1.04612,0.149047,0.0617714,1.77875,-0.0346411,-1.55016,-0.0747727,-0.925875,0.151319,
2.1,0.219665,1.6,0.640623,-0.669216,0.820702,1.04619,0.149047,0.0617666,1.77875,-0.0346391,-1.55015,-0.0747795,-0.925876,0.151319,
2.2,0.21966,1.6,0.640626,-0.669124,0.820738,1.04625,0.149047,0.0617618,1.77875,-0.0346372,-1.55014,-0.0747865,-0.925876,0.151319,
2.3,0.219654,1.6,0.640629,-0.669032,0.820774,1.04632,0.149047,0.061757,1.77875,-0.0346352,-1.55013,-0.0747937,-0.925877,0.151319,
2.4,0.219649,1.6,0.640631,-0.66894,0.82081,1.04639,0.149047,0.0617521,1.77875,-0.0346332,-1.55012,-0.0748009,-0.925877,0.151319,
2.5,0.219643,1.6,0.640634,-0.668847,0.820846,1.04646,0.149047,0.0617472,1.77875,-0.0346313,-1.55011,-0.0748083,-0.925878,0.151319,
2.6,0.219637,1.6,0.640636,-0.668753,0.820883,1.04653,0.149047,0.0617423,1.77875,-0.0346294,-1.5501,-0.0748162,-0.925879,0.151319,
2.7,0.219634,1.6,0.64064,-0.668683,0.820911,1.04658,0.149047,0.0617397,1.77875,-0.0346273,-1.5501,-0.0748195,-0.925879,0.151319,
2.8,0.219631,1.6,0.640644,-0.668625,0.820934,1.04662,0.149047,0.0617376,1.77875,-0.0346243,-1.5501,-0.0748137,-0.925879,0.151319,
2.9,0.219628,1.6,0.640647,-0.66856,0.820959,1.04667,0.149047,0.0617348,1.77875,-0.0346211,-1.55011,-0.0748089,-0.925878,0.151319,
3,0.219625,1.6,0.640651,-0.668494,0.820986,1.04671,0.149047,0.0617318,1.77875,-0.0346179,-1.55012,-0.0748047,-0.925878,0.151319,
3.1,0.219621,1.6,0.640655,-0.668426,0.821012,1.04676,0.149047,0.0617288,1.77875,-0.0346147,-1.55012,-0.0748009,-0.925877,0.151319,
3.2,0.219618,1.6,0.640659,-0.668357,0.821039,1.04681,0.149047,0.0617256,1.77875,-0.0346115,-1.55013,-0.0747977,-0.925877,0.151319,
3.3,0.219614,1.6,0.640662,-0.668287,0.821067,1.04687,0.149047,0.0617224,1.77875,-0.0346084,-1.55013,-0.0747949,-0.925877,0.151319,
3.4,0.21961,1.6,0.640666,-0.668216,0.821095,1.04692,0.149047,0.0617191,1.77875,-0.0346054,-1.55013,-0.0747927,-0.925876,0.151319,
3.5,0.219607,1.6,0.640669,-0.668143,0.821124,1.04697,0.149047,0.0617157,1.77875,-0.0346024,-1.55013,-0.074791,-0.925876,0.151319,
3.6,0.219603,1.6,0.640673,-0.668069,0.821153,1.04703,0.149047,0.0617122,1.77875,-0.0345995,-1.55014,-0.0747898,-0.925876,0.151319,
3.7,0.219599,1.6,0.640676,-0.667994,0.821182,1.04708,0.149047,0.0617086,1.77875,-0.0345966,-1.55014,-0.0747892,-0.925876,0.151319,
3.8,0.219595,1.6,0.64068,-0.667918,0.821212,1.04714,0.149047,0.0617049,1.77875,-0.0345937,-1.55014,-0.0747891,-0.925876,0.151319,
3.9,0.21959,1.6,0.640683,-0.66784,0.821243,1.04719,0.149047,0.0617011,1.77875,-0.034591,-1.55014,-0.0747895,-0.925876,0.151319,
4,0.219586,1.6,0.640686,-0.667761,0.821274,1.04725,0.149047,0.0616973,1.77875,-0.0345882,-1.55014,-0.0747905,-0.925876,0.151319,
4.1,0.219584,1.6,0.64069,-0.667707,0.821295,1.04729,0.149047,0.0616957,1.77875,-0.0345857,-1.55014,-0.0747858,-0.925875,0.151319,
4.2,0.21958,1.6,0.640694,-0.66764,0.821321,1.04734,0.149047,0.0616927,1.77875,-0.0345822,-1.55015,-0.0747811,-0.925875,0.151319,
4.3,0.219577,1.6,0.640698,-0.667574,0.821347,1.04739,0.149047,0.0616898,1.77875,-0.0345789,-1.55015,-0.0747766,-0.925874,0.151319,
4.4,0.219574,1.6,0.640702,-0.667507,0.821373,1.04744,0.149047,0.0616868,1.77875,-0.0345756,-1.55016,-0.0747726,-0.925874,0.151319,
4.5,0.219571,1.6,0.640705,-0.667439,0.8214,1.04749,0.149047,0.0616837,1.77875,-0.0345724,-1.55016,-0.0747691,-0.925874,0.151319,
4.6,0.219567,1.6,0.640709,-0.66737,0.821427,1.04754,0.149047,0.0616806,1.77875,-0.0345692,-1.55017,-0.0747661,-0.925873,0.151319,
4.7,0.219564,1.6,0.640713,-0.667299,0.821455,1.04759,0.149047,0.0616773,1.77875,-0.0345661,-1.55017,-0.0747636,-0.925873,0.151319,
4.8,0.21956,1.6,0.640716,-0.667227,0.821483,1.04764,0.149047,0.061674,1.77875,-0.034563,-1.55017,-0.0747616,-0.925873,0.151319,
4.9,0.219556,1.6,0.64072,-0.667154,0.821512,1.0477,0.149047,0.0616706,1.77875,-0.03456,-1.55018,-0.0747602,-0.925873,0.151319,
5,0.219552,1.6,0.640723,-0.667079,0.821541,1.04775,0.149047,0.061667,1.77875,-0.0345571,-1.55018,-0.0747593,-0.925873,0.151319,
5.1,0.219548,1.6,0.640727,-0.667003,0.821571,1.04781,0.149047,0.0616634,1.77875,-0.0345541,-1.55018,-0.0747589,-0.925872,0.151319,
5.2,0.219544,1.6,0.64073,-0.666926,0.821601,1.04786,0.149047,0.0616598,1.77875,-0.0345513,-1.55018,-0.074759,-0.925872,0.151319,
5.3,0.21954,1.6,0.640734,-0.666847,0.821632,1.04792,0.149047,0.061656,1.77875,-0.0345485,-1.55018,-0.0747597,-0.925872,0.151319,
5.4,0.219537,1.6,0.640737,-0.66679,0.821655,1.04796,0.149047,0.0616541,1.77875,-0.0345464,-1.55018,-0.074757,-0.925872,0.151319,
5.5,0.219534,1.6,0.640741,-0.666723,0.821681,1.04801,0.149047,0.0616511,1.77875,-0.0345425,-1.55019,-0.074752,-0.925872,0.151319,
5.6,0.219531,1.6,0.640745,-0.666657,0.821707,1.04806,0.149047,0.0616482,1.77875,-0.0345391,-1.55019,-0.0747473,-0.925871,0.151319,
5.7,0.219527,1.6,0.640749,-0.666591,0.821733,1.04811,0.149047,0.0616453,1.77875,-0.0345358,-1.5502,-0.0747431,-0.925871,0.151319,
5.8,0.219524,1.6,0.640753,-0.666523,0.821759,1.04816,0.149047,0.0616423,1.77875,-0.0345325,-1.5502,-0.0747394,-0.92587,0.151319,
5.9,0.219521,1.6,0.640757,-0.666454,0.821786,1.04821,0.149047,0.0616392,1.77875,-0.0345293,-1.55021,-0.0747363,-0.92587,0.151319,
6,0.219517,1.6,0.64076,-0.666384,0.821814,1.04826,0.149047,0.061636,1.77875,-0.0345261,-1.55021,-0.0747336,-0.92587,0.151319,
6.1,0.219514,1.6,0.640764,-0.666312,0.821842,1.04831,0.149047,0.0616327,1.77875,-0.034523,-1.55021,-0.0747314,-0.92587,0.151319,
6.2,0.21951,1.6,0.640768,-0.66624,0.821871,1.04837,0.149047,0.0616294,1.77875,-0.0345199,-1.55022,-0.0747297,-0.925869,0.151319,
6.3,0.219506,1.6,0.640771,-0.666165,0.8219,1.04842,0.149047,0.0616259,1.77875,-0.0345168,-1.55022,-0.0747286,-0.925869,0.151319,
6.4,0.219502,1.6,0.640775,-0.66609,0.821929,1.04848,0.149047,0.0616224,1.77875,-0.0345138,-1.55022,-0.074728,-0.925869,0.151319,
6.5,0.219498,1.6,0.640778,-0.666013,0.821959,1.04853,0.149047,0.0616187,1.77875,-0.0345109,-1.55022,-0.074728,-0.925869,0.151319,
6.6,0.219494,1.6,0.640782,-0.665934,0.82199,1.04859,0.149047,0.061615,1.77875,-0.034508,-1.55022,-0.0747284,-0.925869,0.151319,
6.7,0.219491,1.6,0.640785,-0.665872,0.822014,1.04863,0.149047,0.0616131,1.77875,-0.0345062,-1.55022,-0.0747276,-0.925869,0.151319,
6.8,0.219487,1.6,0.640789,-0.665803,0.822041,1.04869,0.149047,0.0616098,1.77875,-0.0345021,-1.55023,-0.0747229,-0.925869,0.151319,
6.9,0.219484,1.6,0.640793,-0.665739,0.822067,1.04873,0.149047,0.061607,1.77875,-0.0344987,-1.55023,-0.0747182,-0.925868,0.151319,
7,0.219481,1.6,0.640797,-0.665673,0.822092,1.04878,0.149047,0.0616041,1.77875,-0.0344954,-1.55024,-0.0747138,-0.925868,0.151319,
7.1,0.219479,1.6,0.640799,-0.665635,0.822107,1.04881,0.149047,0.0616037,1.77875,-0.034495,-1.55025,-0.0747076,-0.925867,0.151319,
7.2,0.219479,1.6,0.640799,-0.665635,0.822107,1.04881,0.149047,0.061606,1.77875,-0.0344978,-1.55026,-0.0746938,-0.925865,0.151319,
7.3,0.219226,1.7718,0.662873,-0.665635,0.822108,1.04881,0.149047,0.0832016,2.25362,-0.0439389,-1.5551,-0.129299,-0.928657,0.151319,
7.4,0.218951,1.94225,0.680957,-0.665635,0.822107,1.04881,0.149047,0.0696686,2.08466,-0.00508694,-1.53348,-0.188055,-0.936178,0.151319,
7.5,0.218951,1.94225,0.680957,-0.665635,0.822107,1.04881,0.149047,0.0696901,2.08364,-0.00538013,-1.57214,-0.159475,-0.929516,0.151319,
7.6,0.218783,2.03895,0.689537,-0.665635,0.822108,1.04881,0.149047,0.103675,2.49548,-0.0401686,-1.58117,-0.201646,-0.931539,0.151319,
7.7,0.193316,2.4433,0.712442,-0.665636,0.822108,1.04881,0.149047,0.133868,3.34025,-0.0901395,-1.61681,-0.195462,-0.925014,0.151319,
7.8,0.168627,2.95893,0.711058,-0.665635,0.822108,1.04881,0.149047,0.0283094,3.78949,0.0118032,-1.54241,-0.0761084,-0.925441,0.151319,
7.9,0.168627,3.25472,0.694842,-0.665635,0.822108,1.04881,0.149047,-0.00564213,3.74047,0.0387621,-1.56314,0.0319688,-0.923581,0.151319,
8,0.145068,3.36181,0.686149,-0.665635,0.822108,1.04881,0.149047,8.09689e-05,3.84114,-0.00611939,-1.54832,-0.0966576,-0.926902,0.151319,
8.1,0.14481,3.35912,0.686791,-0.746034,0.787866,0.990818,0.149047,0.00148641,3.46155,-0.00820041,-1.63004,-0.21992,-0.92587,0.151319,
8.2,0.136974,2.81173,0.696659,-0.971174,0.659536,0.842096,0.149047,0.00416192,2.88052,-0.0136328,-1.74478,-0.305282,-0.905591,0.151319,
8.3,0.0803576,1.6013,0.771486,-0.654488,0.829533,1.05617,0.149047,-0.0815615,1.78311,0.096851,-1.57983,-0.0443147,-0.926648,0.151319,
8.4,0.0607516,1.6,0.785936,-0.471535,0.888672,1.19391,0.149047,-0.112412,1.82268,0.127406,-1.51736,0.0247014,-0.927007,0.151319,
8.5,0.0691969,1.6,0.774313,-0.669092,0.825722,1.04427,0.149047,-0.0919057,1.779,0.0992532,-1.5702,-0.0586858,-0.929241,0.151319,
8.6,0.0689931,1.6,0.774583,-0.664241,0.82762,1.04784,0.149047,-0.092325,1.77874,0.0998306,-1.57042,-0.0593313,-0.929248,0.151319,
8.7,0.0689639,1.6,0.774568,-0.664235,0.827622,1.04785,0.149047,-0.0923524,1.77874,0.0998157,-1.57037,-0.0593683,-0.929252,0.151319,
8.8,0.0689375,1.6,0.774555,-0.664227,0.827626,1.04785,0.149047,-0.0923773,1.77874,0.0998017,-1.57032,-0.0594022,-0.929255,0.151319,
8.9,0.0689136,1.6,0.774543,-0.664217,0.827629,1.04786,0.149047,-0.0923998,1.77874,0.0997888,-1.57028,-0.0594326,-0.929257,0.151319,
9,0.0688989,1.6,0.774536,-0.664206,0.827634,1.04787,0.149047,-0.0924125,1.77874,0.0997813,-1.57026,-0.0594496,-0.929259,0.151319,
9.1,0.068898,1.6,0.774537,-0.664191,0.82764,1.04788,0.149047,-0.0924125,1.77874,0.0997813,-1.57026,-0.0594496,-0.929259,0.151319,
9.2,0.126145,1.63186,0.780186,-0.610815,0.84952,1.09287,0.149047,-0.0343113,1.85856,0.10402,-1.57026,-0.0594495,-0.929259,0.151319,
9.3,0.109389,1.74472,0.798042,-0.719375,0.823704,1.04307,0.149047,-0.0394245,2.03431,0.126129,-1.57026,-0.0594495,-0.929259,0.151319,
9.4,0.0444681,2.06143,0.813464,-0.837557,0.819785,1.03292,0.149047,-0.0890917,2.34215,0.157657,-1.57026,-0.0594493,-0.92926,0.151319,
9.5,-0.062772,2.39138,0.826572,-0.59947,0.910831,1.26067,0.149047,-0.179895,2.69788,0.178073,-1.57026,-0.0594496,-0.929258,0.151319,
9.6,-0.149593,2.60794,0.82044,-0.511792,0.940022,1.3894,0.149047,-0.265599,2.93373,0.182033,-1.57026,-0.0594496,-0.929257,0.151319,
9.7,-0.246032,2.7628,0.803566,-0.525995,0.954592,1.42991,0.149047,-0.32988,3.12824,0.177214,-1.57026,-0.0594492,-0.929259,0.151319,
9.8,-0.30579,2.95577,0.783897,-0.726152,0.940035,1.30104,0.149047,-0.393183,3.3339,0.164474,-1.57026,-0.0594495,-0.929258,0.151319,
9.9,-0.359683,3.10866,0.774935,-0.691748,0.940556,1.31256,0.149047,-0.435058,3.46761,0.152231,-1.57026,-0.0594496,-0.929258,0.151319,
10,-0.366884,3.24627,0.765696,-0.731928,0.917211,1.24106,0.149047,-0.458155,3.61386,0.133888,-1.57026,-0.0594493,-0.929259,0.151319,
10.1,-0.377361,3.49479,0.741749,-0.768028,0.893167,1.17851,0.149047,-0.483356,3.83283,0.0991675,-1.57026,-0.0594493,-0.929259,0.151319,
10.2,-0.450592,3.68627,0.703204,-0.659742,0.904488,1.22934,0.149047,-0.561675,4.07169,0.0544312,-1.57026,-0.0594491,-0.929261,0.151319,
10.3,-0.528132,3.96656,0.657597,-0.708999,0.886225,1.17008,0.149047,-0.654497,4.32423,-0.00425645,-1.57026,-0.0594486,-0.929264,0.151319,
10.4,-0.595963,4.20998,0.602199,-0.61056,0.904393,1.23717,0.149047,-0.725491,4.52291,-0.0593174,-1.57026,-0.0594491,-0.929261,0.151319,
10.5,-0.621705,4.3531,0.558893,-0.676966,0.895749,1.20466,0.149047,-0.74345,4.63689,-0.0947691,-1.57026,-0.0594496,-0.929259,0.151319,
10.6,-0.641593,4.33207,0.536357,-0.708239,0.906908,1.22407,0.149047,-0.743724,4.66228,-0.103049,-1.57026,-0.0594495,-0.929259,0.151319,
10.7,-0.660109,4.31356,0.5238,-0.698314,0.935781,1.29771,0.149047,-0.743725,4.66228,-0.103049,-1.57026,-0.0594495,-0.929259,0.151319,
10.8,-0.671877,4.31111,0.515145,-0.705542,0.956729,1.34761,0.149047,-0.743724,4.66228,-0.103049,-1.57026,-0.0594495,-0.929259,0.151319,
10.9,-0.676601,4.30494,0.511999,-0.70322,0.962359,1.36318,0.149047,-0.743725,4.66228,-0.103049,-1.57026,-0.0594495,-0.929259,0.151319,
11,-0.665989,4.3315,0.51518,-0.706,0.949611,1.32936,0.149047,-0.743858,4.67454,-0.10709,-1.57026,-0.0594495,-0.929259,0.151319,
11.1,-0.652381,4.33763,0.524918,-0.698398,0.926584,1.27471,0.149047,-0.743858,4.67454,-0.10709,-1.57026,-0.0594495,-0.929259,0.151319,
11.2,-0.635963,4.35761,0.536049,-0.684267,0.906279,1.22868,0.149047,-0.743858,4.67454,-0.10709,-1.57026,-0.0594495,-0.929259,0.151319,
11.3,-0.628245,4.36427,0.541479,-0.671099,0.896931,1.20845,0.149047,-0.743858,4.67454,-0.10709,-1.57026,-0.0594495,-0.929259,0.151319,
11.4,-0.629332,4.38328,0.536342,-0.671725,0.900994,1.21846,0.149047,-0.743991,4.68676,-0.111144,-1.57026,-0.0594495,-0.929259,0.151319,
11.5,-0.644462,4.35403,0.526581,-0.700805,0.912495,1.23945,0.149047,-0.743991,4.68676,-0.111144,-1.57026,-0.0594495,-0.929259,0.151319,
11.6,-0.657529,4.35248,0.516923,-0.709403,0.936458,1.2951,0.149047,-0.743991,4.68676,-0.111144,-1.57026,-0.0594495,-0.929259,0.151319,
11.7,-0.674662,4.32722,0.505649,-0.706761,0.956037,1.34525,0.149047,-0.743991,4.68676,-0.111144,-1.57026,-0.0594495,-0.929259,0.151319,
11.8,-0.675413,4.33129,0.504873,-0.703292,0.960717,1.35892,0.149047,-0.743991,4.68676,-0.111144,-1.57026,-0.0594495,-0.929259,0.151319,
11.9,-0.664731,4.34497,0.512059,-0.69886,0.948439,1.32959,0.149047,-0.743991,4.68676,-0.111144,-1.57026,-0.0594495,-0.929259,0.151319,
12,-0.652059,4.34966,0.521253,-0.691896,0.926753,1.27738,0.149047,-0.743991,4.68676,-0.111144,-1.57026,-0.0594495,-0.929259,0.151319,
12.1,-1.25706,6.88152,0.578938,-0.14628,0.948022,2.0115,0.149047,-1.18332,7.32067,0.0213646,-1.57027,-0.0594607,-0.929235,0.151319,
12.2,-1.50447,6.87696,0.390954,-0.47584,1.24,2.37281,0.149047,-1.21908,7.41144,0.0296067,-1.57026,-0.0594487,-0.929259,0.151319,
12.3,-1.17585,7.02449,0.628523,-0.708831,0.987676,1.42554,0.149047,-1.21908,7.41144,0.0296069,-1.57026,-0.0594494,-0.929259,0.151319,
12.4,-1.00944,7.5411,0.7225,-0.448087,0.664606,0.605888,0.149047,-1.21908,7.41144,0.0296072,-1.57026,-0.0594497,-0.929259,0.151319,
12.5,-1.11513,7.79053,0.628706,-0.290672,0.595141,0.315914,0.149047,-1.21908,7.41144,0.0296068,-1.57026,-0.0594501,-0.929259,0.151319,
12.6,-1.02303,7.417,0.719683,-0.547804,0.739551,0.822575,0.149047,-1.21908,7.41144,0.0296069,-1.57026,-0.0594496,-0.929259,0.151319,
12.7,-1.30033,6.89389,0.543099,-0.711324,1.07067,1.64136,0.149047,-1.21908,7.41144,0.0296066,-1.57026,-0.0594492,-0.929259,0.151319,
12.8,-1.4507,6.87965,0.43142,-0.569629,1.21064,2.17095,0.149047,-1.21908,7.41144,0.0296067,-1.57026,-0.0594489,-0.929259,0.151319,
12.9,-1.14744,7.05932,0.64772,-0.700977,0.957426,1.35163,0.149047,-1.21908,7.41144,0.0296069,-1.57026,-0.0594495,-0.929259,0.151319,
13,-1.00582,7.49995,0.727646,-0.473248,0.680517,0.656449,0.149047,-1.21908,7.41144,0.0296071,-1.57026,-0.0594496,-0.929259,0.151319,
13.1,-1.08891,7.74254,0.65127,-0.332482,0.608187,0.389038,0.149047,-1.21908,7.41144,0.0296068,-1.57026,-0.05945,-0.929259,0.151319,
13.2,-1.02213,7.4523,0.718266,-0.528246,0.722975,0.777618,0.149047,-1.21908,7.41144,0.0296069,-1.57026,-0.0594496,-0.929259,0.151319,
13.3,-1.22219,6.92985,0.59941,-0.715832,0.996186,1.44295,0.149047,-1.21908,7.41144,0.0296068,-1.57026,-0.0594493,-0.929259,0.151319,
13.4,-1.8973,8.97594,0.67313,-0.800001,1.1418,1.78472,0.149047,-1.5961,9.50471,0.160971,-1.57028,-0.0594733,-0.929239,0.151319,
13.5,-1.9204,8.92112,0.657866,-0.989751,1.15615,1.56695,0.149047,-1.70044,9.53954,0.255186,-1.57026,-0.0594482,-0.929258,0.151319,
13.6,-1.69333,9.08597,1.06569,-0.489573,0.869588,1.13325,0.149047,-1.86618,9.40477,0.373947,-1.57026,-0.0594493,-0.929256,0.151319,
13.7,-1.81465,9.75306,1.09996,-0.324752,0.681048,0.467726,0.149047,-1.96094,9.45979,0.460913,-1.57026,-0.059449,-0.929257,0.151319,
13.8,-1.84645,9.8165,1.19857,-0.356138,0.70623,0.55561,0.149047,-2.02144,9.58493,0.523388,-1.57026,-0.0594505,-0.929259,0.151319,
13.9,-1.97777,9.40933,1.26094,-0.546493,0.888773,1.20222,0.149047,-2.11476,9.65866,0.586203,-1.57026,-0.05945,-0.929257,0.151319,
14,-2.52488,9.10035,1.06331,-1.10601,1.14934,1.45371,0.149047,-2.35237,9.67862,0.62721,-1.57026,-0.0594482,-0.929259,0.151319,
14.1,-3.13602,9.01596,0.961423,-0.56057,1.08151,1.84199,0.149047,-2.77124,9.83104,0.609157,-1.57026,-0.0594516,-0.929258,0.151319,
14.2,-2.94013,9.98266,1.2635,-0.393084,0.883156,1.1447,0.149047,-3.12073,10.1661,0.569141,-1.57026,-0.0594496,-0.929259,0.151319,
14.3,-3.17887,10.8953,1.18916,-0.37523,0.608335,0.447767,0.149047,-3.36438,10.6333,0.510145,-1.57026,-0.0594503,-0.929259,0.151319,
14.4,-3.43151,11.2783,1.11685,-0.500474,0.52731,0.501148,0.149047,-3.61708,11.0775,0.435976,-1.57026,-0.0594497,-0.929258,0.151319,
14.5,-3.65496,11.1813,1.02731,-0.555753,0.883137,1.18921,0.149047,-3.77156,11.4996,0.363101,-1.57026,-0.0594498,-0.929256,0.151319,
14.6,-4.09466,11.5001,0.696656,-0.976713,1.14221,1.55523,0.149047,-3.9484,12.008,0.218471,-1.57026,-0.0594524,-0.929256,0.151319,
14.7,-4.22481,11.8924,0.591738,-0.816806,1.12732,1.67463,0.149047,-4.10013,12.3632,0.107371,-1.57026,-0.0594509,-0.929257,0.151319,
14.8,-4.07799,12.3524,0.704633,-0.657827,0.864705,1.13288,0.149047,-4.21386,12.6062,0.0422721,-1.57026,-0.0594497,-0.929258,0.151319,
14.9,-4.10789,13.0822,0.666399,-0.488304,0.640276,0.612113,0.149047,-4.31942,12.9589,-0.0287716,-1.57026,-0.0594499,-0.929259,0.151319,
15,-4.19173,13.5642,0.55343,-0.394649,0.640683,0.50978,0.149047,-4.36281,13.31,-0.101443,-1.57026,-0.0594505,-0.929259,0.151319,
15.1,-4.17184,13.5331,0.533213,-0.573781,0.752399,0.862405,0.149047,-4.38832,13.6396,-0.174785,-1.57026,-0.0594496,-0.92926,0.151319,
15.2,-4.49073,13.3936,0.317122,-0.775699,0.990464,1.3888,0.149047,-4.44595,13.8402,-0.221778,-1.57026,-0.0594501,-0.929257,0.151319,
15.3,-4.6096,13.3197,0.230466,-0.626208,1.16207,1.97781,0.149047,-4.44595,13.8402,-0.221774,-1.57026,-0.0594491,-0.929259,0.151319,
15.4,-4.45341,13.4045,0.34211,-0.712427,1.03668,1.55139,0.149047,-4.44595,13.8402,-0.221774,-1.57026,-0.0594494,-0.929259,0.151319,
15.5,-4.26062,13.6598,0.47123,-0.609987,0.797108,0.970711,0.149047,-4.44595,13.8402,-0.221774,-1.57026,-0.0594495,-0.929259,0.151319,
15.6,-4.26415,14.02,0.447278,-0.444276,0.661422,0.597112,0.149047,-4.44595,13.8402,-0.221774,-1.57026,-0.0594497,-0.929259,0.151319,
15.7,-4.26393,14.0248,0.447211,-0.4403,0.662027,0.593631,0.149047,-4.44595,13.8402,-0.221774,-1.57026,-0.0594497,-0.929259,0.151319,
15.8,-4.40982,13.7957,0.417497,-0.548884,0.808053,0.974194,0.149047,-4.61226,14.4106,-0.33643,-1.57026,-0.0594499,-0.929253,0.151319,
15.9,-4.76544,13.4529,0.290366,-0.34375,1.00021,1.81544,0.149047,-4.63279,14.1448,-0.20944,-1.57026,-0.0594499,-0.929258,0.151319,
16,-4.98496,12.6428,0.438628,-1.58665,0.762329,0.79209,0.149047,-4.76894,13.5392,-0.031008,-1.57025,-0.0594381,-0.92929,0.151319,
16.1,-5.30554,11.6785,0.507952,-0.224291,0.988216,1.98486,0.149047,-4.99225,12.699,0.12349,-1.57026,-0.0594464,-0.92926,0.151319,
16.2,-5.31426,10.8519,0.753654,-0.584539,0.953351,1.39642,0.149047,-5.18069,11.9438,0.216918,-1.57026,-0.0594499,-0.929257,0.151319,
16.3,-5.09426,11.4733,0.910013,-0.846473,0.82184,1.03626,0.149047,-5.22696,11.7221,0.252456,-1.57026,-0.0594496,-0.929259,0.151319,
16.4,-5.0514,11.3752,0.942109,-0.612368,0.808291,0.997357,0.149047,-5.22773,11.5051,0.259828,-1.49061,-0.111404,-0.935653,0.151319,
16.5,-5.02356,10.374,0.967824,-0.539396,0.747564,0.839784,0.149047,-5.2196,10.3818,0.278669,-1.30168,-0.235132,-0.968299,0.151319,
16.6,-5.00699,8.39249,0.985556,-0.458684,0.695861,0.684225,0.149047,-5.20038,8.27682,0.305374,-1.10123,-0.349925,-1.02652,0.151319,
16.7,-5.00157,5.42751,0.995549,-0.371579,0.654736,0.529718,0.149047,-5.17016,5.19327,0.339702,-0.884125,-0.450158,-1.11183,0.151319,
16.8,-4.56077,2.73065,1.27194,-0.757864,0.748902,0.80179,0.149047,-4.76938,2.77673,0.588607,-1.32313,-0.315143,-1.03302,0.151319,
16.9,-4.21995,1.62567,1.4996,-0.498167,0.937215,1.16482,0.149047,-4.4265,1.859,0.854765,-1.49372,0.0303859,-0.976364,0.151319,
17,-4.17804,1.6,1.52726,-0.587854,0.896642,1.09076,0.149047,-4.36928,1.79468,0.864702,-1.53885,-0.0365859,-0.96885,0.151319,
17.1,-4.17391,1.6,1.52104,-0.688911,0.859742,1.01295,0.149047,-4.36174,1.77874,0.853119,-1.56856,-0.058931,-0.968855,0.151319,
17.2,-4.17394,1.6,1.52107,-0.688444,0.859932,1.01331,0.149047,-4.36179,1.77874,0.853171,-1.56856,-0.0589318,-0.968855,0.151319,
17.3,-4.17396,1.6,1.52108,-0.688242,0.860014,1.01346,0.149047,-4.36182,1.77874,0.85319,-1.56854,-0.0589464,-0.968856,0.151319,
17.4,-4.17399,1.6,1.52106,-0.688245,0.860013,1.01346,0.149047,-4.36185,1.77874,0.853175,-1.56852,-0.0589631,-0.968857,0.151319,
17.5,-4.174,1.6,1.52106,-0.688213,0.860027,1.01348,0.149047,-4.36186,1.77874,0.853175,-1.56849,-0.05898,-0.968859,0.151319,
17.6,-4.17401,1.6,1.52106,-0.688185,0.860038,1.0135,0.149047,-4.36187,1.77874,0.853175,-1.56847,-0.0589966,-0.96886,0.151319,
17.7,-4.17402,1.6,1.52106,-0.688165,0.860046,1.01352,0.149047,-4.36187,1.77874,0.853174,-1.56844,-0.0590137,-0.968862,0.151319,
17.8,-4.17402,1.6,1.52106,-0.688152,0.860051,1.01353,0.149047,-4.36188,1.77874,0.853172,-1.56842,-0.0590311,-0.968863,0.151319,
17.9,-4.17403,1.6,1.52106,-0.688138,0.860057,1.01354,0.149047,-4.36188,1.77874,0.853171,-1.56839,-0.0590482,-0.968865,0.151319,
18,-4.17403,1.6,1.52106,-0.68812,0.860065,1.01355,0.149047,-4.36188,1.77874,0.853172,-1.56837,-0.0590651,-0.968866,0.151319,
18.1,-4.17403,1.6,1.52106,-0.688098,0.860073,1.01357,0.149047,-4.36189,1.77874,0.853173,-1.56834,-0.059082,-0.968868,0.151319,
18.2,-4.17403,1.6,1.52106,-0.688078,0.860081,1.01358,0.149047,-4.36188,1.77874,0.853176,-1.56833,-0.0590879,-0.968869,0.151319,
18.3,-4.17118,1.61954,1.538,-0.68808,0.860083,1.01358,0.149047,-4.37855,1.84586,0.885583,-1.59293,-0.0504819,-0.969408,0.151319,
18.4,-4.19065,2.26436,1.72002,-0.68808,0.860083,1.01358,0.149047,-4.3656,2.41136,1.01802,-1.58318,-0.129513,-0.970771,0.151319,
18.5,-4.16986,2.73867,1.8405,-0.688076,0.860079,1.01359,0.149047,-4.32334,3.08262,1.11036,-1.60012,-0.176923,-0.970994,0.151319,
18.6,-4.13872,3.01665,1.91774,-0.68808,0.860083,1.01358,0.149047,-4.33909,3.24776,1.24651,-1.45878,-0.243876,-1.0009,0.151319,
18.7,-4.04512,3.73105,2.08157,-0.688083,0.860087,1.01358,0.149047,-4.24778,4.02605,1.38861,-1.52282,-0.0766638,-0.973421,0.151319,
18.8,-3.89093,4.37171,2.24882,-0.68808,0.860083,1.01358,0.149047,-4.13609,4.61287,1.57942,-1.35045,-0.0638112,-0.969838,0.151319,
18.9,-3.77487,4.97165,2.36598,-0.688079,0.860082,1.01358,0.149047,-3.97477,5.6152,1.69182,-1.76946,0.120052,-0.978202,0.151319,
19,-3.61278,5.65121,2.49852,-0.688081,0.860084,1.01358,0.149047,-3.80998,5.8379,1.78178,-1.64314,-0.124768,-0.963908,0.151319,
19.1,-3.46986,6.19444,2.58972,-0.688081,0.860084,1.01358,0.149047,-3.63945,6.45037,1.86934,-1.92925,0.000912811,-0.937491,0.151319,
19.2,-3.38935,6.60044,2.64766,-0.688082,0.860085,1.01358,0.149047,-3.57096,7.13895,1.94293,-1.69224,-0.0150152,-0.964267,0.151319,
19.3,-3.33481,6.893,2.69258,-0.688078,0.860081,1.01358,0.149047,-3.54532,7.15156,2.05705,-1.45416,0.0854965,-0.959689,0.151319,
19.4,-3.33481,6.893,2.69258,-0.688078,0.860081,1.01358,0.149047,-3.55002,7.16133,2.06585,-1.44949,0.112763,-0.958031,0.151319,
19.5,-3.33481,6.893,2.69258,-0.688078,0.860081,1.01358,0.149047,-3.53707,7.12362,2.04638,-1.50058,0.0371899,-0.965326,0.151319,
19.6,-3.33481,6.893,2.69258,-0.688078,0.860081,1.01358,0.149047,-3.51818,7.04788,2.01797,-1.59478,-0.104772,-0.96862,0.151319,
19.7,-3.33481,6.893,2.69258,-0.688079,0.860081,1.01358,0.149047,-3.50518,6.94369,1.99844,-1.71971,-0.286881,-0.952555,0.151319,
19.8,-3.33481,6.893,2.69258,-0.688079,0.860081,1.01358,0.149047,-3.50457,6.84621,1.99763,-1.84395,-0.449825,-0.915247,0.151319,
19.9,-3.33481,6.893,2.69258,-0.688079,0.860081,1.01358,0.149047,-3.50648,6.81126,2.00046,-1.89424,-0.504585,-0.894739,0.151319,
20,-3.33481,6.893,2.69258,-0.688079,0.860081,1.01358,0.149047,-3.50305,6.85152,1.99532,-1.83902,-0.435962,-0.916868,0.151319,
20.1,-3.33481,6.893,2.69258,-0.688079,0.860081,1.01358,0.149047,-3.50281,6.92118,1.99491,-1.75015,-0.320313,-0.945018,0.151319,
20.2,-3.33481,6.893,2.69258,-0.688078,0.860081,1.01358,0.149047,-3.5064,6.97426,2.00027,-1.68632,-0.230274,-0.958798,0.151319,
20.3,-3.33481,6.893,2.69258,-0.688078,0.860081,1.01358,0.149047,-3.50811,6.98962,2.00283,-1.6684,-0.203743,-0.96162,0.151319,
20.4,-3.33481,6.893,2.69258,-0.688079,0.860081,1.01358,0.149047,-3.50701,6.96943,2.00109,-1.69175,-0.240274,-0.957909,0.151319,
20.5,-3.08083,8.08231,2.93183,-0.688086,0.860091,1.01356,0.149047,-3.38602,8.71526,2.40358,-1.21967,0.192856,-0.909189,0.151319,
20.6,-2.96635,8.66426,2.98308,-0.68808,0.860083,1.01358,0.149047,-3.17517,9.45027,2.33873,-1.49731,-0.0231914,-0.967725,0.151319,
20.7,-2.79036,9.25086,3.01149,-0.688078,0.86008,1.01359,0.149047,-2.85162,9.79785,2.16639,-1.77326,-0.264368,-0.9373,0.151319,
20.8,-2.64344,9.70116,3.02825,-0.688074,0.860076,1.01359,0.149047,-2.7518,10.229,2.22514,-1.96872,-0.0393019,-0.915643,0.151319,
20.9,-2.42277,10.2356,3.05837,-0.688075,0.860078,1.01359,0.149047,-2.58477,10.5611,2.39211,-1.43422,-0.132924,-0.979774,0.151319,
21,-2.21003,10.7431,3.08665,-0.688076,0.860079,1.01359,0.149047,-2.39813,11.9367,2.3843,-1.35325,-0.189046,-0.990725,0.151319,
21.1,-2.02927,11.336,3.07024,-0.688078,0.860081,1.01358,0.149047,-2.21908,12.3007,2.38698,-1.51095,-0.0667325,-0.969568,0.151319,
21.2,-1.87186,11.8136,3.06275,-0.688078,0.860081,1.01358,0.149047,-2.04112,12.7193,2.32998,-1.59355,-0.085452,-0.966817,0.151319,
21.3,-1.72461,12.2421,3.05355,-0.688078,0.860081,1.01358,0.149047,-1.90487,12.6191,2.38981,-1.28761,-0.246007,-1.01193,0.151319,
21.4,-1.58374,12.6237,3.04651,-0.688079,0.860082,1.01358,0.149047,-1.76506,12.7912,2.37744,-1.77451,0.0533234,-0.96619,0.151319,
21.5,-1.45027,12.9817,3.03021,-0.688078,0.860081,1.01359,0.149047,-1.63029,13.6208,2.3506,-1.75071,0.066191,-0.968437,0.151319,
21.6,-1.35894,13.265,3.02174,-0.688084,0.860087,1.01358,0.149047,-1.57174,13.8067,2.40297,-1.21743,-0.169586,-0.988355,0.151319,
21.7,-1.35895,13.265,3.02176,-0.688078,0.860081,1.01358,0.149047,-1.55603,13.4758,2.36629,-1.57596,0.0335865,-0.968344,0.151319,
21.8,-1.35895,13.265,3.02176,-0.688078,0.860081,1.01358,0.149047,-1.54173,13.415,2.34556,-1.62659,-0.0955617,-0.965669,0.151319,
21.9,-1.35895,13.265,3.02176,-0.688079,0.860081,1.01358,0.149047,-1.53035,13.3281,2.32876,-1.71715,-0.256992,-0.952451,0.151319,
22,-1.35895,13.265,3.02176,-0.688079,0.860081,1.01358,0.149047,-1.52826,13.2418,2.32563,-1.82312,-0.403826,-0.922329,0.151319,
22.1,-1.35895,13.265,3.02176,-0.688079,0.860081,1.01358,0.149047,-1.52944,13.2,2.32799,-1.86887,-0.478729,-0.905467,0.151319,
22.2,-1.35895,13.265,3.02176,-0.688079,0.860081,1.01358,0.149047,-1.52729,13.2212,2.32465,-1.84206,-0.439693,-0.915734,0.151319,
22.3,-1.35895,13.265,3.02176,-0.688079,0.860081,1.01358,0.149047,-1.52647,13.2742,2.32337,-1.7737,-0.352037,-0.938532,0.151319,
22.4,-1.35895,13.265,3.02176,-0.688078,0.860081,1.01358,0.149047,-1.52837,13.3202,2.3262,-1.71742,-0.274635,-0.952786,0.151319,
22.5,-1.35895,13.265,3.02176,-0.688078,0.860081,1.01358,0.149047,-1.5297,13.3372,2.32819,-1.69735,-0.245639,-0.95681,0.151319,
22.6,-1.35895,13.265,3.02176,-0.688079,0.860081,1.01358,0.149047,-1.52909,13.323,2.32751,-1.70454,-0.277471,-0.956113,0.151319,
22.7,-1.35895,13.265,3.02176,-0.688079,0.860081,1.01358,0.149047,-1.52742,13.2943,2.32545,-1.72755,-0.334332,-0.952241,0.151319,
22.8,-1.35895,13.265,3.02176,-0.688079,0.860081,1.01358,0.149047,-1.52722,13.2655,2.3243,-1.78882,-0.36536,-0.933819,0.151319,
22.9,-1.35895,13.265,3.02176,-0.688079,0.860081,1.01358,0.149047,-1.52716,13.2516,2.32437,-1.80282,-0.39083,-0.929539,0.151319,
23,-1.35895,13.265,3.02176,-0.688079,0.860081,1.01358,0.149047,-1.52638,13.2591,2.32327,-1.79213,-0.37768,-0.93299,0.151319,
23.1,-1.35895,13.265,3.02176,-0.688079,0.860081,1.01358,0.149047,-1.52644,13.2715,2.32332,-1.77705,-0.356631,-0.937552,0.151319,
23.2,-1.35895,13.265,3.02176,-0.688079,0.860081,1.01358,0.149047,-1.52653,13.2776,2.32345,-1.76965,-0.346223,-0.939686,0.151319,
23.3,-1.35895,13.265,3.02176,-0.688079,0.860081,1.01358,0.149047,-1.52683,13.275,2.32387,-1.77299,-0.351317,-0.938745,0.151319,
23.4,-1.35895,13.265,3.02176,-0.688079,0.860081,1.01358,0.149047,-1.52707,13.2725,2.32425,-1.77477,-0.356704,-0.938308,0.151319,
23.5,-1.35895,13.265,3.02176,-0.688079,0.860081,1.01358,0.149047,-1.52666,13.2765,2.32367,-1.77012,-0.349015,-0.939611,0.151319,
23.6,-1.35895,13.265,3.02176,-0.688079,0.860081,1.01358,0.149047,-1.52666,13.2768,2.32364,-1.77032,-0.348149,-0.939522,0.151319,
23.7,-1.35895,13.265,3.02176,-0.688079,0.860081,1.01358,0.149047,-1.52705,13.273,2.32421,-1.77446,-0.355724,-0.938384,0.151319,
23.8,-1.35895,13.265,3.02176,-0.688079,0.860081,1.01358,0.149047,-1.52685,13.2749,2.32393,-1.77198,-0.352168,-0.939097,0.151319,
23.9,-1.35895,13.265,3.02176,-0.688079,0.860081,1.01358,0.149047,-1.52659,13.2776,2.32355,-1.76908,-0.346771,-0.939885,0.151319,
24,-1.35895,13.265,3.02176,-0.688079,0.860081,1.01358,0.149047,-1.52693,13.2745,2.32402,-1.77312,-0.352664,-0.938739,0.151319,
24.1,-1.09155,14.0404,2.99402,-0.68809,0.860094,1.01357,0.149047,-1.27554,14.2944,2.30813,-1.11735,-0.321159,-1.05741,0.151319,
24.2,-1.25525,14.0166,2.97554,-0.688079,0.860082,1.01358,0.149047,-1.46335,14.2453,2.32087,-1.5321,0.0367048,-0.966938,0.151319,
24.3,-1.45043,13.9769,2.94125,-0.688077,0.86008,1.01359,0.149047,-1.64604,14.185,2.28606,-1.632,0.0623349,-0.969762,0.151319,
24.4,-1.71281,13.9296,2.86729,-0.688078,0.86008,1.01358,0.149047,-1.89967,14.0794,2.18766,-1.77782,-0.00825296,-0.95644,0.151319,
24.5,-1.91992,13.8861,2.80105,-0.688078,0.860081,1.01358,0.149047,-2.08588,13.9284,2.10871,-1.8537,-0.212135,-0.918484,0.151319,
24.6,-2.06403,13.8659,2.75073,-0.688078,0.860081,1.01358,0.149047,-2.23196,13.8066,2.05774,-1.89774,-0.443363,-0.89231,0.151319,
24.7,-2.2091,13.8213,2.70525,-0.688079,0.860081,1.01358,0.149047,-2.38015,13.7352,2.01335,-1.90626,-0.506272,-0.88914,0.151319,
24.8,-2.2091,13.8213,2.70525,-0.688079,0.860081,1.01358,0.149047,-2.37705,13.7882,2.00748,-1.82764,-0.422334,-0.92103,0.151319,
24.9,-2.68623,13.6725,2.52958,-0.688078,0.860081,1.01358,0.149047,-2.88385,13.7648,1.81491,-1.62436,-0.240322,-0.970446,0.151319,
25,-3.51745,13.2751,2.1594,-0.688077,0.86008,1.01359,0.149047,-3.70139,13.5464,1.50906,-1.72546,0.107443,-0.974086,0.151319,
25.1,-4.32569,12.716,1.74645,-0.68807,0.860072,1.0136,0.149047,-4.50411,12.9946,1.11089,-1.676,0.0635695,-0.961652,0.151319,
25.2,-5.0074,12.2702,1.33658,-0.688072,0.860075,1.01359,0.149047,-5.17167,12.4414,0.652694,-1.73589,-0.116984,-0.946467,0.151319,
25.3,-5.89994,11.7311,0.662547,-0.688063,0.860064,1.0136,0.149047,-6.04014,11.781,-0.0264538,-1.98912,-0.248029,-0.857417,0.151319,
25.4,-6.93585,11.2391,-0.315741,-0.688068,0.860068,1.01358,0.149047,-7.1307,10.9921,-0.910049,-2.27186,-0.819962,-0.66274,0.151319,
25.5,-7.02219,11.1898,-0.380477,-0.688079,0.860081,1.01358,0.149047,-7.21632,10.9758,-1.03898,-2.11922,-0.717843,-0.774745,0.151319,
25.6,-7.40831,11.1284,-0.490338,-0.688073,0.860076,1.01359,0.149047,-7.65775,11.4928,-1.03918,-1.66432,0.553627,-1.07246,0.151319,
25.7,-3.90695,11.5867,1.80863,-0.688069,0.860079,1.01356,0.149047,-4.92697,11.9153,1.07863,-0.364381,-0.289629,-0.890565,0.151319,
25.8,2.97814,11.5273,1.4457,-0.688108,0.860115,1.0135,0.149047,2.49901,11.9839,1.01387,-1.65642,0.676013,-1.16668,0.151319,
25.9,6.33729,11.6097,0.0824976,-0.688114,0.860121,1.01351,0.149047,5.76012,11.9502,-0.390922,-1.5459,0.385374,-1.05574,0.151319,
26,8.33577,11.5412,-0.486076,-0.688093,0.860096,1.01357,0.149047,8.12191,11.6738,-1.16994,-1.20583,-0.504667,-1.15209,0.151319,
26.1,8.60899,11.5343,-0.532022,-0.688078,0.860082,1.01358,0.149047,8.30356,11.9521,-1.02411,-1.15807,0.479698,-0.852391,0.151319,
26.2,10.9026,11.4372,-0.697511,-0.688077,0.860081,1.01357,0.149047,10.509,11.757,-1.1657,-0.888761,0.0795205,-0.823418,0.151319,
26.3,5.96076,11.7725,1.85489,-0.688113,0.860118,1.01356,0.149047,6.80243,11.9611,0.887165,-1.35943,-0.189611,-1.14893,0.151319,
26.4,-0.249166,11.3568,-0.570334,-0.68807,0.86007,1.0136,0.149047,-0.209927,11.3892,-1.19021,-2.21832,-0.23709,-0.756722,0.151319,
26.5,-1.35213,11.1532,-0.869745,-0.688074,0.860075,1.01359,0.149047,-1.38348,11.0357,-1.49193,-1.91933,-0.707578,-0.890466,0.151319,
26.6,-2.43767,11.0146,-1.2519,-0.688071,0.860075,1.0136,0.149047,-2.55711,11.3379,-1.79957,-1.68279,0.409641,-1.03407,0.151319,
26.7,-2.44926,11.0004,-1.26188,-0.688078,0.860081,1.01358,0.149047,-2.67043,11.282,-1.88125,-1.46571,0.164844,-0.959727,0.151319,
26.8,-3.73627,10.8963,-1.50175,-0.688041,0.860043,1.01365,0.149047,-3.10508,11.1505,-2.05142,-1.47846,-0.126976,-1.03627,0.151319,
26.9,-2.79927,10.6197,-0.0764584,-0.688074,0.860077,1.01358,0.149047,-3.07449,10.8234,-0.80369,-1.50854,-0.179681,-0.984564,0.151319,
27,-2.82233,10.572,0.0385969,-0.688078,0.860081,1.01358,0.149047,-3.00758,10.7408,-0.632259,-1.60622,-0.05961,-0.967015,0.151319,
27.1,-2.82233,10.572,0.0385966,-0.688078,0.860081,1.01358,0.149047,-3.00472,10.7202,-0.638049,-1.6238,-0.102148,-0.965981,0.151319,
27.2,-2.82233,10.572,0.0385966,-0.688079,0.860081,1.01358,0.149047,-2.99786,10.676,-0.648272,-1.67168,-0.183919,-0.96062,0.151319,
27.3,-3.56928,11.8595,0.087435,-0.68803,0.860029,1.01365,0.149047,-3.33133,13.2307,-1.18289,-1.77011,-0.268953,-0.918588,0.151319,
27.4,-4.99785,13.5856,-2.07695,0.993359,0.72647,2.09952,0.149047,-5.37818,13.9416,-2.57321,-0.905595,0.638624,-0.779011,0.151319,
27.5,-6.03452,13.739,-4.13986,2.0647,0.172397,1.83325,0.149047,-6.5683,13.7692,-4.61719,0.780631,0.314263,-0.0694205,0.151319,
27.6,-7.31001,12.9151,-6.12465,-2.95391,0.135092,1.41761,0.149047,-7.52317,12.6121,-6.7381,2.1397,-0.125523,-0.165244,0.151319,
27.7,-8.69398,10.8303,-8.16718,-1.53738,0.429353,1.53106,0.149047,-8.3712,10.7497,-8.80214,-2.75638,0.0816551,-0.400219,0.151319,
27.8,-9.78534,7.5615,-10.3519,-0.0272206,0.25426,2.07605,0.149047,-9.50745,8.10625,-10.7261,-1.33569,0.522633,-0.0712206,0.151319,
27.9,-10.5672,4.12896,-12.4125,1.05407,-0.327354,2.29947,0.149047,-10.9932,4.71022,-12.4055,0.690185,0.878381,1.0159,0.151319,
28,-11.6978,4.12972,-12.7462,1.18919,-0.705619,2.66023,0.149047,-12.1954,4.57026,-12.4767,0.707496,0.419006,1.19616,0.151319,
28.1,-12.7818,3.442,-12.8818,1.44604,-1.05031,2.83426,0.149047,-13.3744,3.55689,-12.495,1.12146,0.165155,1.4286,0.151319,
28.2,-13.9134,1.86086,-12.968,1.62004,-1.20165,3.01408,0.149047,-14.4728,1.68435,-12.5548,1.4766,-0.024715,1.5416,0.151319,
28.3,-14.59,1.84106,-13.053,1.61534,-1.23523,-3.12022,0.149047,-15.0989,1.6,-12.6061,1.65845,-0.00202518,1.59384,0.151319,
28.4,-14.7887,1.77478,-13.0901,1.42353,-1.16805,-3.03258,0.149047,-15.3043,1.6,-12.6245,1.48483,0.00504734,1.62929,0.151319,
28.5,-14.7888,1.77475,-13.0901,1.42317,-1.16961,-3.03234,0.149047,-15.3045,1.6,-12.6246,1.48597,0.00497883,1.62928,0.151319,
28.6,-14.7889,1.77475,-13.0902,1.42322,-1.16961,-3.0324,0.149047,-15.3046,1.6,-12.6247,1.48677,0.00493038,1.62927,0.151319,
