tgDataLogger2 started logging at time 01272019_101909, with 6 sensors on 1 senseable objects.
time,0_rod(strut).X,0_rod(strut).Y,0_rod(strut).Z,0_rod(strut).Euler1,0_rod(strut).Euler2,0_rod(strut).Euler3,0_rod(strut).mass,1_rod(strut).X,1_rod(strut).Y,1_rod(strut).Z,1_rod(strut).Euler1,1_rod(strut).Euler2,1_rod(strut).Euler3,1_rod(strut).mass,2_rod(strut).X,2_rod(strut).Y,2_rod(strut).Z,2_rod(strut).Euler1,2_rod(strut).Euler2,2_rod(strut).Euler3,2_rod(strut).mass,3_rod(strut).X,3_rod(strut).Y,3_rod(strut).Z,3_rod(strut).Euler1,3_rod(strut).Euler2,3_rod(strut).Euler3,3_rod(strut).mass,4_rod(strut).X,4_rod(strut).Y,4_rod(strut).Z,4_rod(strut).Euler1,4_rod(strut).Euler2,4_rod(strut).Euler3,4_rod(strut).mass,5_rod(strut).X,5_rod(strut).Y,5_rod(strut).Z,5_rod(strut).Euler1,5_rod(strut).Euler2,5_rod(strut).Euler3,5_rod(strut).mass,
0.1,-4.38933,8.95473,-0.512704,0.000420907,0.00783806,-2.35109,0.199491,3.3666,8.9376,-0.55772,-0.00431962,-0.00346366,-2.35773,0.199491,0.465834,8.17561,-0.75797,-0.00301639,0.000270596,-0.782007,0.199491,0.842861,10.5569,2.00292,0.000212133,-0.00443086,-0.793128,0.199491,0.74815,8.56967,1.92625,-1.5732,-0.00635081,-0.00645643,0.199645,-0.295274,11.218,-1.05543,-1.57035,0.000757635,-0.00231885,0.199491,
0.2,-4.33319,7.47635,-0.511566,-0.00900496,0.00785185,-2.34476,0.199491,3.3364,7.48259,-0.56991,-0.0104604,-0.00894125,-2.35957,0.199491,0.46149,6.71539,-0.743548,-0.00403592,-0.00238953,-0.777385,0.199491,0.838132,9.08735,1.97896,-0.0038399,-0.00582662,-0.803485,0.199491,0.713002,7.09376,1.92248,-1.56894,-0.0202159,-0.00753603,0.199645,-0.276961,9.73101,-1.03107,-1.57002,0.0136898,-0.00503771,0.199491,
0.3,-4.20521,5.15718,-0.601723,-0.072842,-0.152028,-2.36368,0.199491,3.12469,5.149,-0.607346,-0.00676424,0.103835,-2.37029,0.199491,0.513104,4.85659,-0.658688,-0.0811273,0.0767385,-0.857383,0.199491,0.861746,6.83919,1.96895,-0.014199,0.0124345,-0.812911,0.199491,0.705433,4.74158,1.81216,-1.57891,-0.0557723,-0.0257257,0.199645,-0.299611,7.33166,-1.23477,-1.57193,-0.0163537,0.00025849,0.199491,
0.4,-4.32921,5.53882,-0.770206,0.0700229,0.0438109,-2.46175,0.199491,3.12923,5.49599,-0.468674,0.0552733,0.0159715,-2.46442,0.199491,0.433225,4.81963,-0.643445,-0.165607,0.0868921,-0.894145,0.199491,0.723749,7.16344,1.58621,-0.0208412,-0.027113,-0.878035,0.199491,0.544221,5.46529,1.87005,-1.57071,-0.272616,0.0259473,0.199645,-0.330568,7.67279,-1.3089,-1.57866,-0.0598455,0.0507651,0.199491,
0.5,-4.37594,5.57221,-0.896587,-0.0694325,-0.104094,-2.49965,0.199491,3.44237,5.71001,-0.663327,0.00665494,-0.0557977,-2.54628,0.199491,0.323462,4.70581,-0.89928,0.113321,-0.135727,-0.955195,0.199491,0.550113,7.97174,1.58866,-0.0500466,-0.0341181,-1.0172,0.199491,0.426659,5.60964,1.89384,-1.56959,-0.125003,0.0553462,0.199645,-0.295182,7.82791,-1.69522,-1.55628,-0.259686,0.0189244,0.199491,
0.6,-3.95724,5.31877,-1.04616,-0.128548,-0.142038,-2.41191,0.199491,3.13493,5.53958,-0.703902,-0.000889535,-0.0702423,-2.49233,0.199491,0.43799,4.76519,-0.792451,-0.060427,-0.0366203,-0.874517,0.199491,0.629721,7.285,1.38734,0.0390878,-0.124376,-0.984296,0.199491,0.352604,5.33765,1.65561,-1.55055,-0.160322,0.0580437,0.199645,-0.143279,7.50796,-1.41061,-1.56606,-0.19439,0.0448696,0.199491,
0.7,-4.17059,5.35255,-1.18477,0.0477001,-0.0954933,-2.43144,0.199491,3.01854,5.29261,-0.457139,-0.0151715,-0.0685402,-2.41195,0.199491,0.518164,4.83467,-0.708769,-0.200796,0.0735937,-0.85706,0.199491,0.580294,6.90641,1.6168,-0.055015,-0.0723065,-0.845261,0.199491,0.36135,5.11812,1.6914,-1.57531,0.00238841,0.0789597,0.199645,-0.250911,7.43721,-1.39361,-1.58973,-0.0647341,0.115559,0.199491,
0.8,-4.30879,5.34966,-1.25054,0.00793285,-0.15881,-2.43189,0.199491,3.07375,5.32162,-0.364784,-0.0332006,-0.1266,-2.4174,0.199491,0.466885,4.79123,-0.745903,0.0518966,-0.154433,-0.878273,0.199491,0.448707,7.02736,1.711,0.017226,-0.146716,-0.859635,0.199491,0.285365,5.13421,1.76817,-1.58224,-0.0694266,0.105886,0.199645,-0.305566,7.50333,-1.43749,-1.58094,-0.0576995,0.130341,0.199491,
0.9,-4.18926,5.37688,-1.27434,0.00517747,-0.1388,-2.4399,0.199491,3.02317,5.37237,-0.42167,-0.00451701,-0.11293,-2.43725,0.199491,0.491833,4.79605,-0.725243,-0.0711391,-0.0569732,-0.863922,0.199491,0.57708,6.94882,1.49637,0.079822,-0.186896,-0.874321,0.199491,0.368201,5.28688,1.65883,-1.56601,-0.108211,0.092506,0.199645,-0.259742,7.49096,-1.4265,-1.59127,-0.122389,0.132551,0.199491,
1,-4.19456,5.3759,-1.27716,0.0142983,-0.129588,-2.44081,0.199491,3.02348,5.37159,-0.421153,0.00290298,-0.103641,-2.43778,0.199491,0.490346,4.79619,-0.727039,-0.0511246,-0.0741582,-0.865183,0.199491,0.571639,6.9552,1.50412,-0.00407496,-0.117238,-0.862067,0.199491,0.363802,5.28219,1.66072,-1.56367,-0.0767873,0.0930149,0.199645,-0.261911,7.49127,-1.42929,-1.59143,-0.123771,0.132874,0.199491,
1.1,-4.27739,5.34637,-1.25624,0.0163582,-0.15231,-2.43217,0.199491,3.08054,5.31012,-0.339107,-0.0259611,-0.116683,-2.41561,0.199491,0.487747,4.79899,-0.722405,-0.00990705,-0.109546,-0.868205,0.199491,0.46547,7.00953,1.72603,-0.026135,-0.116068,-0.851404,0.199491,0.293983,5.12151,1.77513,-1.58451,-0.0692439,0.109745,0.199645,-0.275582,7.49169,-1.41818,-1.58329,-0.0577248,0.135486,0.199491,
1.2,-4.24778,5.35524,-1.26329,-0.0216618,-0.188807,-2.42854,0.199491,3.0577,5.32919,-0.360379,-0.0157233,-0.111526,-2.42259,0.199491,0.48869,4.79927,-0.717407,-0.00529744,-0.114055,-0.868641,0.199491,0.49885,6.98674,1.65505,-0.00974752,-0.125381,-0.855579,0.199491,0.315054,5.1725,1.73963,-1.57928,-0.0859683,0.10509,0.199645,-0.27049,7.48803,-1.41683,-1.58699,-0.0846861,0.135509,0.199491,
1.3,-4.18003,5.3782,-1.28121,-0.0331853,-0.182902,-2.43417,0.199491,3.00495,5.37705,-0.424231,-0.00357054,-0.115667,-2.43882,0.199491,0.489802,4.79765,-0.719296,-0.0116798,-0.108725,-0.868363,0.199491,0.581641,6.93653,1.47473,0.00864291,-0.1271,-0.863779,0.199491,0.364151,5.30176,1.64788,-1.55995,-0.0736784,0.0913741,0.199645,-0.262388,7.48735,-1.4219,-1.58785,-0.0947883,0.133794,0.199491,
1.4,-4.22282,5.36395,-1.27032,-0.0238055,-0.184306,-2.43102,0.199491,3.04025,5.34737,-0.384983,-0.0135063,-0.114896,-2.4284,0.199491,0.489404,4.79868,-0.719403,-0.0129893,-0.107462,-0.867949,0.199491,0.529748,6.96971,1.58845,0.038037,-0.160765,-0.864701,0.199491,0.335661,5.21994,1.70513,-1.56905,-0.0481275,0.0999557,0.199645,-0.266703,7.48745,-1.42014,-1.58512,-0.0728031,0.134434,0.199491,
1.5,-4.28283,5.34157,-1.25344,-0.0100446,-0.185524,-2.42625,0.199491,3.07651,5.30245,-0.325704,-0.0296771,-0.119667,-2.41285,0.199491,0.485707,4.80097,-0.714637,0.0127246,-0.129298,-0.870375,0.199491,0.451991,7.00567,1.74711,0.0092419,-0.149147,-0.854669,0.199491,0.280846,5.10437,1.78767,-1.58549,-0.0643686,0.111527,0.199645,-0.279312,7.48794,-1.40977,-1.58477,-0.066593,0.136849,0.199491,
1.6,-4.21627,5.3649,-1.26924,-0.0325549,-0.193306,-2.42972,0.199491,3.03142,5.35024,-0.384927,-0.0158939,-0.119261,-2.42903,0.199491,0.488418,4.79951,-0.713127,-0.0100883,-0.110344,-0.868038,0.199491,0.534734,6.96193,1.57711,0.021412,-0.14605,-0.862328,0.199491,0.33641,5.2292,1.70108,-1.56964,-0.0701439,0.0991676,0.199645,-0.267137,7.48528,-1.41473,-1.58619,-0.0798947,0.134889,0.199491,
1.7,-4.18626,5.37544,-1.27767,-0.0279585,-0.1792,-2.43416,0.199491,3.00648,5.37213,-0.4145,-0.0106155,-0.121731,-2.43643,0.199491,0.488085,4.79865,-0.714654,-0.00592263,-0.113835,-0.868734,0.199491,0.571424,6.93915,1.49431,0.0493542,-0.162981,-0.869127,0.199491,0.357314,5.28829,1.65897,-1.55915,-0.0462313,0.0927331,0.199645,-0.264547,7.4856,-1.41756,-1.58858,-0.0993376,0.13429,0.199491,
1.8,-4.25631,5.35157,-1.25955,-0.0108261,-0.17937,-2.42931,0.199491,3.05839,5.32263,-0.349891,-0.0234797,-0.118064,-2.41967,0.199491,0.486202,4.8005,-0.713134,0.00167598,-0.120109,-0.869127,0.199491,0.485741,6.99,1.67867,0.0123603,-0.146287,-0.85776,0.199491,0.304684,5.15563,1.7524,-1.57822,-0.0569915,0.1065,0.199645,-0.27435,7.48655,-1.41235,-1.58573,-0.0745075,0.135954,0.199491,
1.9,-4.26699,5.34654,-1.25545,-0.0206555,-0.194019,-2.42586,0.199491,3.05999,5.31389,-0.335144,-0.0243389,-0.117177,-2.41693,0.199491,0.483838,4.80165,-0.707887,0.0172954,-0.133601,-0.870802,0.199491,0.468876,6.99281,1.70864,0.0238686,-0.158769,-0.858233,0.199491,0.291089,5.13422,1.76927,-1.58084,-0.0595568,0.108809,0.199645,-0.278841,7.48499,-1.40601,-1.58503,-0.0685073,0.136855,0.199491,
2,-4.1942,5.37143,-1.27243,-0.0324036,-0.187311,-2.432,0.199491,3.00875,5.36482,-0.401709,-0.00806116,-0.116262,-2.43446,0.199491,0.486704,4.79996,-0.708807,-0.00739937,-0.1129,-0.868215,0.199491,0.55906,6.94188,1.52072,0.0409103,-0.158177,-0.866715,0.199491,0.348252,5.27009,1.6737,-1.56161,-0.0489434,0.0946256,0.199645,-0.266932,7.48341,-1.41137,-1.58799,-0.0932967,0.134843,0.199491,
2.1,-4.20772,5.36714,-1.26919,-0.0304736,-0.188991,-2.43087,0.199491,3.02001,5.35559,-0.389362,-0.0157616,-0.121362,-2.43066,0.199491,0.486928,4.8002,-0.709111,-0.0088399,-0.111662,-0.867989,0.199491,0.543267,6.95299,1.55667,0.0134551,-0.13783,-0.861642,0.199491,0.339355,5.24481,1.69168,-1.56625,-0.0597396,0.0974348,0.199645,-0.267964,7.48383,-1.41115,-1.58679,-0.0837145,0.135061,0.199491,
2.2,-4.27615,5.34259,-1.25061,-0.00988033,-0.184544,-2.4266,0.199491,3.06627,5.3054,-0.325134,-0.0257499,-0.116055,-2.41419,0.199491,0.483667,4.80233,-0.706287,0.00305946,-0.121633,-0.868806,0.199491,0.456889,6.99784,1.73667,-0.00542526,-0.135783,-0.852792,0.199491,0.28193,5.11341,1.78395,-1.5838,-0.0622257,0.110499,0.199645,-0.280195,7.48482,-1.4031,-1.58478,-0.0653082,0.137089,0.199491,
2.3,-4.23634,5.35636,-1.2596,-0.0292202,-0.196091,-2.42748,0.199491,3.03781,5.334,-0.358044,-0.0173391,-0.115683,-2.42387,0.199491,0.484802,4.80176,-0.703435,-0.00317249,-0.116765,-0.868219,0.199491,0.505271,6.9707,1.63615,0.0218003,-0.151362,-0.8602,0.199491,0.31434,5.1881,1.73347,-1.57322,-0.0549912,0.103325,0.199645,-0.273362,7.48237,-1.40404,-1.58585,-0.0745211,0.136202,0.199491,
2.4,-4.1887,5.37277,-1.27179,-0.0302752,-0.183702,-2.43285,0.199491,2.9999,5.36807,-0.403451,-0.00999633,-0.120387,-2.43523,0.199491,0.485332,4.8005,-0.704784,-0.00645258,-0.11398,-0.868176,0.199491,0.563987,6.93508,1.50803,0.0184044,-0.138376,-0.863652,0.199491,0.348575,5.28027,1.66867,-1.56072,-0.0570136,0.0935901,0.199645,-0.268118,7.48231,-1.40761,-1.58843,-0.0958104,0.135141,0.199491,
2.5,-4.23962,5.3557,-1.25884,-0.0166602,-0.182421,-2.4296,0.199491,3.03896,5.33266,-0.356728,-0.0219687,-0.120451,-2.42288,0.199491,0.484212,4.80168,-0.704194,-0.00268078,-0.117019,-0.868295,0.199491,0.502244,6.97287,1.64135,-0.00358021,-0.12995,-0.856401,0.199491,0.312331,5.18461,1.73595,-1.5753,-0.0701146,0.103747,0.199645,-0.274632,7.48302,-1.40463,-1.58588,-0.074782,0.136177,0.199491,
2.6,-4.27385,5.34253,-1.24879,-0.0141046,-0.189343,-2.42581,0.199491,3.05776,5.30666,-0.321085,-0.0263418,-0.117812,-2.4145,0.199491,0.481258,4.80328,-0.699671,0.0138668,-0.131244,-0.869922,0.199491,0.4564,6.99196,1.7328,-0.00415562,-0.136865,-0.852859,0.199491,0.279346,5.11803,1.78397,-1.58286,-0.0622276,0.110357,0.199645,-0.28267,7.48273,-1.39691,-1.58465,-0.0636288,0.137698,0.199491,
2.7,-4.20933,5.3651,-1.26426,-0.0313789,-0.191396,-2.43003,0.199491,3.0145,5.35267,-0.37989,-0.0124696,-0.117129,-2.43017,0.199491,0.484167,4.80166,-0.699993,-0.0116518,-0.109862,-0.867285,0.199491,0.537171,6.9495,1.56729,0.0138232,-0.139185,-0.861068,0.199491,0.332604,5.23898,1.69952,-1.56648,-0.0581769,0.0980841,0.199645,-0.27095,7.48106,-1.40251,-1.58731,-0.0859218,0.135821,0.199491,
2.8,-4.20152,5.3681,-1.2667,-0.0283946,-0.185641,-2.43159,0.199491,3.00824,5.3588,-0.388067,-0.0157868,-0.123289,-2.43164,0.199491,0.484235,4.80129,-0.700839,-0.0118921,-0.10962,-0.867356,0.199491,0.547259,6.94409,1.54497,0.00927043,-0.133538,-0.861219,0.199491,0.338458,5.25525,1.68818,-1.56497,-0.0654202,0.096445,0.199645,-0.270151,7.48149,-1.40377,-1.58766,-0.0891656,0.135613,0.199491,
2.9,-4.26626,5.34553,-1.24974,-0.00777353,-0.180128,-2.42792,0.199491,3.05414,5.31229,-0.327854,-0.0282679,-0.121161,-2.41596,0.199491,0.481767,4.80305,-0.699262,-0.000625369,-0.119048,-0.868174,0.199491,0.466673,6.98857,1.71463,-0.00731568,-0.132566,-0.853232,0.199491,0.287015,5.13218,1.77467,-1.58202,-0.0696911,0.108982,0.199645,-0.280491,7.48268,-1.39774,-1.58502,-0.0665752,0.137314,0.199491,
3,-4.25154,5.35024,-1.25319,-0.0216454,-0.192227,-2.4269,0.199491,3.04042,5.32273,-0.338329,-0.0195628,-0.115263,-2.42016,0.199491,0.480863,4.80316,-0.696046,0.00206002,-0.121743,-0.868468,0.199491,0.483071,6.97625,1.67689,0.00169803,-0.137685,-0.8556,0.199491,0.296877,5.16024,1.75618,-1.57737,-0.0625225,0.106436,0.199645,-0.279366,7.48089,-1.39612,-1.58558,-0.0708202,0.137347,0.199491,
3.1,-4.19604,5.36923,-1.26661,-0.0306436,-0.187004,-2.43158,0.199491,2.99951,5.3619,-0.389779,-0.010496,-0.119166,-2.43325,0.199491,0.482593,4.80181,-0.697173,-0.0114249,-0.110361,-0.867266,0.199491,0.55159,6.93658,1.53168,0.0133566,-0.136221,-0.861926,0.199491,0.33879,5.26517,1.68274,-1.56308,-0.062821,0.0954673,0.199645,-0.271504,7.48016,-1.40012,-1.5881,-0.0918862,0.135944,0.199491,
3.2,-4.22796,5.35857,-1.25851,-0.0226122,-0.186785,-2.42946,0.199491,3.02458,5.33966,-0.36028,-0.0187268,-0.119899,-2.42539,0.199491,0.482093,4.80253,-0.696935,-0.00908338,-0.112273,-0.867335,0.199491,0.512926,6.96046,1.61564,0.00702203,-0.13737,-0.858402,0.199491,0.316466,5.20492,1.7251,-1.57195,-0.0671058,0.101888,0.199645,-0.275185,7.48056,-1.39837,-1.58646,-0.0783718,0.136576,0.199491,
3.3,-4.27456,5.3416,-1.24583,-0.00817985,-0.183331,-2.4266,0.199491,3.05413,5.30531,-0.315729,-0.0258876,-0.117214,-2.41413,0.199491,0.479221,4.80408,-0.694357,0.00166529,-0.121417,-0.868174,0.199491,0.453185,6.98953,1.73776,-0.0075545,-0.134474,-0.85206,0.199491,0.275476,5.11572,1.78806,-1.58363,-0.0677948,0.110725,0.199645,-0.284468,7.48125,-1.39179,-1.58472,-0.0632982,0.13812,0.199491,
3.4,-4.22342,5.35971,-1.25934,-0.0321044,-0.196795,-2.42804,0.199491,3.01908,5.34223,-0.361394,-0.0148584,-0.116745,-2.42666,0.199491,0.481145,4.80284,-0.693875,-0.0110334,-0.111064,-0.867029,0.199491,0.516568,6.95602,1.60624,0.00777209,-0.137556,-0.858796,0.199491,0.317478,5.21229,1.72097,-1.57037,-0.0626373,0.101302,0.199645,-0.275205,7.47948,-1.39614,-1.58684,-0.0807312,0.136895,0.199491,
3.5,-4.20077,5.36799,-1.26558,-0.0280733,-0.185586,-2.43161,0.199491,3.00128,5.35916,-0.383817,-0.014668,-0.122903,-2.43189,0.199491,0.481364,4.80204,-0.695239,-0.0123586,-0.109901,-0.867096,0.199491,0.545008,6.93986,1.54398,0.0145012,-0.138366,-0.86184,0.199491,0.334219,5.25743,1.68952,-1.56444,-0.0650311,0.0965966,0.199645,-0.272684,7.47996,-1.39865,-1.58802,-0.090707,0.136336,0.199491,
3.6,-4.25675,5.34885,-1.25125,-0.0101064,-0.180658,-2.42856,0.199491,3.04211,5.31955,-0.332112,-0.0259084,-0.121297,-2.41842,0.199491,0.47951,4.80343,-0.6942,-0.00238327,-0.118234,-0.867862,0.199491,0.476002,6.97954,1.6903,0.00162433,-0.138793,-0.85526,0.199491,0.291459,5.15173,1.76378,-1.57913,-0.067596,0.107505,0.199645,-0.280953,7.48101,-1.3943,-1.58548,-0.069464,0.137682,0.199491,
3.7,-4.26155,5.34675,-1.24978,-0.0127858,-0.185283,-2.42741,0.199491,3.04163,5.31581,-0.325515,-0.0216201,-0.115927,-2.4178,0.199491,0.47778,4.80399,-0.691483,0.00134821,-0.121704,-0.868161,0.199491,0.468061,6.98005,1.70263,-0.0016276,-0.137223,-0.854248,0.199491,0.284593,5.14286,1.77089,-1.57993,-0.066145,0.108534,0.199645,-0.283468,7.4801,-1.39122,-1.58538,-0.068082,0.138226,0.199491,
3.8,-4.20546,5.36597,-1.26415,-0.0308196,-0.190334,-2.43042,0.199491,3.0012,5.35554,-0.377274,-0.0099614,-0.116676,-2.43133,0.199491,0.479669,4.80264,-0.692522,-0.0107595,-0.111596,-0.867111,0.199491,0.537365,6.94063,1.5563,0.0139211,-0.139135,-0.861192,0.199491,0.328159,5.24865,1.69646,-1.56538,-0.0639211,0.0977077,0.199645,-0.274894,7.47884,-1.39575,-1.58776,-0.0879594,0.136829,0.199491,
3.9,-4.22105,5.3609,-1.26032,-0.025157,-0.188171,-2.42976,0.199491,3.01387,5.34491,-0.363092,-0.0167796,-0.120246,-2.42723,0.199491,0.479564,4.80288,-0.692912,-0.0106115,-0.111666,-0.867062,0.199491,0.518823,6.95271,1.59692,0.0125747,-0.141137,-0.859733,0.199491,0.317733,5.21965,1.71686,-1.56964,-0.0653397,0.100823,0.199645,-0.276469,7.47934,-1.39534,-1.58697,-0.0816101,0.137096,0.199491,
4,-4.2724,5.34268,-1.2468,-0.00719561,-0.181933,-2.42712,0.199491,3.04846,5.30756,-0.315196,-0.02572,-0.118071,-2.41481,0.199491,0.477064,4.80436,-0.691265,-0.000756799,-0.119961,-0.867808,0.199491,0.454084,6.98652,1.73105,-0.00311412,-0.138218,-0.852927,0.199491,0.274715,5.12186,1.78547,-1.58283,-0.0676631,0.110584,0.199645,-0.285647,7.48045,-1.38973,-1.58493,-0.0642652,0.138585,0.199491,
4.1,-4.23628,5.35542,-1.25645,-0.0256014,-0.193225,-2.42785,0.199491,3.0231,5.33372,-0.346874,-0.0174784,-0.117344,-2.42374,0.199491,0.478132,4.80357,-0.690461,-0.0108964,-0.111766,-0.866843,0.199491,0.498543,6.96238,1.63804,0.00640426,-0.139337,-0.857505,0.199491,0.30412,5.19028,1.7382,-1.57342,-0.0640656,0.104023,0.199645,-0.279311,7.47888,-1.39236,-1.58644,-0.0764884,0.13782,0.199491,
4.2,-4.20286,5.36702,-1.26532,-0.0295176,-0.188217,-2.43101,0.199491,2.99728,5.35781,-0.378683,-0.0124427,-0.120606,-2.43173,0.199491,0.478643,4.80266,-0.691567,-0.0133992,-0.109656,-0.866811,0.199491,0.539811,6.93808,1.5485,0.0168253,-0.141202,-0.861843,0.199491,0.32875,5.25483,1.69285,-1.56449,-0.063581,0.0972999,0.199645,-0.275313,7.47878,-1.3952,-1.58803,-0.0898197,0.137043,0.199491,
4.3,-4.3345,5.26722,-1.33987,-0.029604,-0.187147,-2.40144,0.199491,3.01764,5.34353,-0.478002,-0.0247719,-0.104177,-2.41669,0.199491,0.33533,4.80532,-0.8725,0.0376506,-0.146611,-0.872554,0.199491,0.396056,7.04508,1.63925,0.00464427,-0.119924,-0.856523,0.199491,0.26935,5.06256,1.64926,-1.56621,-0.0646686,0.102793,0.199645,-0.382159,7.4862,-1.52574,-1.56474,-0.0201882,0.11811,0.199491,
4.4,-4.33548,5.26722,-1.34005,-0.0298124,-0.186967,-2.40141,0.199491,2.67955,5.46667,-0.588002,-0.0299454,-0.142197,-2.42308,0.199491,0.207002,4.86309,-0.813805,0.0770658,-0.159452,-0.861861,0.199491,0.23402,6.97363,1.40194,0.029322,-0.13272,-0.875436,0.199491,0.0173202,5.21872,1.53338,-1.53862,-0.0859427,0.087361,0.199645,-0.573644,7.46169,-1.47035,-1.56326,-0.107351,0.116005,0.199491,
4.5,-4.36802,5.26599,-1.35192,-0.0281425,-0.18841,-2.40127,0.199491,2.81261,5.44372,-0.664578,-0.023066,-0.126734,-2.4534,0.199491,0.143167,4.74742,-0.929859,0.0953447,-0.152117,-0.893838,0.199491,0.26582,7.0945,1.38227,0.0477676,-0.109078,-0.89249,0.199491,0.156946,5.22789,1.50487,-1.53266,-0.07944,0.0761416,0.199645,-0.615839,7.47191,-1.6135,-1.5563,-0.165864,0.0872565,0.199491,
4.6,-4.30824,6.92867,-1.61594,-0.028841,-0.187842,-2.431,0.199491,2.82332,5.43648,-0.484889,-0.145004,-0.133377,-2.44837,0.199491,-0.292634,5.07371,-1.15923,-0.321227,-0.0159862,-0.861817,0.199491,0.102225,7.90647,1.62188,-0.158009,-0.156549,-0.875022,0.199491,-0.2677,5.75663,1.61865,-1.7703,-0.089023,0.159692,0.199645,-0.414849,8.25652,-1.81004,-1.71886,-0.0482238,0.127893,0.199491,
4.7,-3.15866,11.2485,-3.20863,-1.29414,-0.887421,-1.68073,0.199491,0.39456,8.26001,1.26201,-1.11877,-0.854249,-1.84705,0.199491,-1.29052,8.98304,-0.509379,-0.788619,-0.884292,-0.464838,0.199491,-1.51332,11.1161,1.62617,-0.780754,-0.870817,-0.574014,0.199491,-2.77077,9.84627,1.04933,-2.15313,0.165854,0.788186,0.199645,0.103727,11.2288,-0.632235,-2.15438,0.158992,0.785575,0.199491,
4.8,-1.4644,12.5102,-3.18084,-2.47513,-0.721276,-0.389965,0.199491,-1.49604,10.4107,3.79919,-2.00781,-1.16763,-0.804268,0.199491,-1.68145,10.5445,0.861283,-2.08043,-1.36893,0.885855,0.199491,-3.10647,13.5138,2.174,-1.92359,-1.34063,0.64722,0.199491,-3.93443,11.7968,1.36648,-2.02825,0.277241,1.4557,0.199645,-0.228539,13.1138,1.09598,-2.05488,0.266182,1.43794,0.199491,
4.9,0.651738,12.2423,-1.31292,-3.07091,-0.854916,0.415975,0.199491,-4.24626,12.1801,5.19802,-3.08403,-0.835224,0.424416,0.199491,-2.30414,11.2312,2.71143,-2.82504,-0.98282,1.78565,0.199491,-4.2101,14.722,1.77741,-3.12836,-0.92319,2.02429,0.199491,-4.61866,12.5633,1.38394,-1.79396,0.189851,2.20906,0.199645,-0.860673,14.2719,2.88726,-1.83995,0.195764,2.18637,0.199491,
5,0.539608,11.3999,2.53263,-3.10724,-0.201106,0.757173,0.199491,-5.72799,12.9636,4.94946,2.93645,-0.349288,0.738268,0.199491,-3.46345,11.6992,3.97977,3.03487,-0.391777,2.33602,0.199491,-4.071,14.1547,1.92681,2.93874,-0.290297,2.23138,0.199491,-4.22266,12.1879,1.69912,-1.80019,-0.0138624,2.79852,0.199645,-2.32018,14.2407,4.08618,-1.83147,0.102534,2.77055,0.199491,
5.1,0.0928486,10.0822,6.45479,2.81543,0.288963,0.913407,0.199491,-7.34791,12.4216,3.96713,2.91726,0.380702,0.944704,0.199491,-4.84822,10.7229,5.41607,2.85382,0.303182,2.50069,0.199491,-3.45377,12.7255,1.96622,2.81816,0.348449,2.4615,0.199491,-4.24946,10.5895,2.45462,-1.85621,-0.0023842,-2.81812,0.199645,-3.13642,13.6538,5.44364,-1.93319,-0.151096,-2.82846,0.199491,
5.2,-2.83908,8.6474,9.16888,2.68886,0.821992,0.976252,0.199491,-6.88011,10.3537,3.4063,2.83336,0.947836,1.0113,0.199491,-5.7493,9.08869,5.77951,2.80675,0.954764,2.60945,0.199491,-3.07644,10.0253,3.70881,2.88675,0.902915,2.56331,0.199491,-3.93703,8.18008,4.14765,-2.11136,-0.113726,-2.19809,0.199645,-4.13848,11.5637,6.01906,-2.11288,-0.126416,-2.22236,0.199491,
5.3,-6.03965,6.72342,10.9568,-0.989508,1.47065,-2.67132,0.199491,-5.7817,6.70971,3.17714,-0.607696,1.52645,-2.29336,0.199491,-6.53618,6.46362,6.01222,0.161103,1.38434,0.0211907,0.199491,-2.85969,6.47892,5.80424,0.121147,1.22012,0.0102772,0.199491,-4.16173,4.87816,5.84447,-2.25858,0.0114532,-1.54104,0.199645,-4.93302,8.87652,6.90955,-2.16066,0.0232461,-1.53995,0.199491,
5.4,-8.63231,6.29361,10.113,-0.701698,0.838583,-2.23884,0.199491,-4.90088,7.59402,4.14138,0.196554,1.00708,-1.53117,0.199491,-6.63361,6.61688,6.05344,0.24953,0.830639,0.113323,0.199491,-3.69298,6.87276,7.5005,0.27662,1.0114,0.0753333,0.199491,-4.64028,5.37691,6.87312,-2.34087,0.535463,-1.32287,0.199645,-5.92842,8.85397,7.74131,-1.95653,0.404951,-1.14467,0.199491,
5.5,-10.7055,5.1739,9.08099,0.32615,0.480727,-1.42469,0.199491,-3.95689,7.7049,5.40972,0.343625,0.461353,-1.42482,0.199491,-6.85878,6.35349,6.01198,0.324977,0.293894,0.144822,0.199491,-4.5646,6.27637,9.33039,0.324048,0.246119,0.141053,0.199491,-4.98515,4.84285,7.69424,-1.70614,0.729584,-0.657306,0.199645,-7.17618,8.4925,8.55215,-1.71821,0.776534,-0.679096,0.199491,
5.6,-10.4732,3.41824,7.36083,0.622714,0.012947,-1.42042,0.199491,-4.68161,7.64354,7.22044,0.674495,0.0133106,-1.42622,0.199491,-6.53195,5.88655,6.77535,0.635019,0.0931534,0.15023,0.199491,-5.79367,5.58124,9.6967,0.630097,0.0624756,0.143928,0.199491,-5.37622,4.62751,8.46746,-0.931391,0.723584,-0.0256277,0.199645,-8.27922,6.98525,8.76537,-0.98302,0.997584,-0.0309776,0.199491,
5.7,-10.7847,3.10183,7.0178,0.583464,-0.186301,-1.65805,0.199491,-4.5498,8.39283,8.6293,0.721837,-0.209363,-1.69724,0.199491,-6.55954,6.02519,7.03066,0.687737,-0.157512,-0.109782,0.199491,-7.1199,5.89599,11.4364,0.682828,-0.167402,-0.142323,0.199491,-5.72129,4.72197,9.76228,-0.75218,0.627271,0.250558,0.199645,-9.19498,7.48612,8.82566,-0.674053,0.735046,0.26492,0.199491,
5.8,-10.1412,3.97921,7.04381,0.587259,-0.404484,-1.90864,0.199491,-5.29652,7.90845,9.94456,0.572855,-0.460351,-1.97625,0.199491,-6.67574,5.98675,8.67254,0.643212,-0.502105,-0.384452,0.199491,-8.10104,6.35737,11.4575,0.651142,-0.521123,-0.504498,0.199491,-7.07076,4.92299,10.7976,-0.741579,0.310576,0.46366,0.199645,-8.92253,7.57164,9.07917,-0.760642,0.322672,0.448933,0.199491,
5.9,-10.0801,3.40164,6.71297,0.563974,-0.737029,-2.08673,0.199491,-5.43881,7.81024,11.4018,0.676821,-0.686427,-2.16198,0.199491,-6.53766,5.73192,9.19418,0.652765,-0.540989,-0.578468,0.199491,-9.36488,6.06563,12.1638,0.694769,-0.621192,-0.646992,0.199491,-7.63613,4.50774,11.6912,-0.730145,0.147093,0.65741,0.199645,-9.19147,7.54948,8.96785,-0.700953,0.136865,0.641151,0.199491,
6,-9.49052,3.0749,6.78083,0.832484,-0.902464,-2.27515,0.199491,-6.70159,7.66865,12.0366,1.01705,-0.782884,-2.42184,0.199491,-7.10155,5.6851,10.032,0.929605,-0.71738,-0.789726,0.199491,-9.86891,5.69698,11.9933,1.04521,-0.79832,-0.865838,0.199491,-8.37701,4.63357,11.9836,-0.651482,-0.110529,0.782134,0.199645,-9.65674,7.02911,9.11754,-0.638718,-0.094037,0.78413,0.199491,
6.1,-9.28333,3.36095,6.96332,0.909376,-1.10937,-2.37963,0.199491,-7.48503,7.55523,12.7269,0.976665,-1.05322,-2.4473,0.199491,-7.55281,5.74255,10.7084,0.916511,-0.774618,-0.845969,0.199491,-10.4295,5.64369,12.1437,1.24208,-0.922614,-1.08658,0.199491,-9.08995,4.57262,12.3061,-0.610371,-0.183812,0.897273,0.199645,-9.87651,7.06925,9.41907,-0.571077,-0.129904,0.921007,0.199491,
6.2,-9.08474,3.33321,7.13014,1.35867,-0.850597,-2.77215,0.199491,-7.94008,7.60795,13.1985,1.3248,-0.957952,-2.75491,0.199491,-7.68607,5.76578,11.0447,1.32171,-0.95018,-1.17661,0.199491,-10.7162,5.62217,12.2398,1.45363,-0.967166,-1.25573,0.199491,-9.41758,4.4695,12.5512,-0.575114,-0.232274,0.969546,0.199645,-10.0487,7.08933,9.60079,-0.622879,-0.251892,0.994128,0.199491,
6.3,-9.11373,3.32355,7.19225,1.42477,-0.79125,-2.81255,0.199491,-8.06458,7.63246,13.0931,1.34763,-0.914509,-2.75582,0.199491,-7.85426,5.83109,11.0715,1.44827,-0.95282,-1.26636,0.199491,-10.8028,5.58207,12.2385,1.51546,-0.96309,-1.30433,0.199491,-9.46062,4.58218,12.5256,-0.566113,-0.2559,0.950912,0.199645,-10.1319,7.03107,9.58496,-0.533226,-0.21225,0.969437,0.199491,
6.4,-9.2072,3.14348,7.02495,1.33252,-0.872577,-2.7251,0.199491,-7.93775,7.73971,13.0262,1.34644,-0.854836,-2.73554,0.199491,-7.70487,5.81296,10.8573,1.2232,-0.874174,-1.07274,0.199491,-10.8971,5.53089,12.1982,1.35804,-0.91553,-1.1599,0.199491,-9.34058,4.57987,12.5021,-0.573088,-0.237247,0.936954,0.199645,-10.1641,7.0387,9.41403,-0.53676,-0.210182,0.934183,0.199491,
6.5,-9.25797,3.07598,6.87466,1.21959,-0.910593,-2.63195,0.199491,-7.61052,7.7824,12.923,1.22864,-0.901712,-2.63825,0.199491,-7.46057,5.77167,10.6546,1.28183,-0.89605,-1.11134,0.199491,-10.808,5.54345,12.1964,1.19049,-0.865658,-1.03269,0.199491,-9.11064,4.554,12.4569,-0.517675,-0.142924,0.900505,0.199645,-10.0269,7.08525,9.30218,-0.512846,-0.150354,0.897779,0.199491,
6.6,-9.13177,3.03322,6.89581,1.11875,-0.949953,-2.61193,0.199491,-7.19502,7.59015,12.8912,1.16959,-0.892287,-2.65185,0.199491,-7.19238,5.6011,10.6656,1.34499,-0.927361,-1.22142,0.199491,-10.4927,5.60675,12.175,1.12472,-0.864873,-1.04192,0.199491,-8.91866,4.50105,12.4391,-0.557598,-0.126535,0.892666,0.199645,-9.62178,7.06198,9.30071,-0.651211,-0.206246,0.910698,0.199491,
6.7,-8.97459,3.07053,6.92511,1.22724,-0.737558,-2.72968,0.199491,-6.79688,7.50804,12.6345,1.0371,-0.933073,-2.58199,0.199491,-7.00486,5.58184,10.5947,1.26856,-0.900765,-1.19685,0.199491,-10.0777,5.73698,12.0763,1.10477,-0.857473,-1.06445,0.199491,-8.66231,4.54866,12.3079,-0.690032,-0.200985,0.870871,0.199645,-9.23973,7.05659,9.21926,-0.629614,-0.150399,0.879191,0.199491,
6.8,-8.92228,2.98788,6.91034,1.03235,-0.896199,-2.62365,0.199491,-6.45403,7.42359,12.3335,1.06041,-0.808884,-2.64113,0.199491,-6.82964,5.50561,10.4493,1.05103,-0.810002,-1.07199,0.199491,-9.72743,5.85275,11.9232,1.08338,-0.829089,-1.08432,0.199491,-8.44846,4.62077,12.1608,-0.697342,-0.184492,0.820946,0.199645,-8.94999,6.99947,9.05039,-0.679579,-0.157994,0.843129,0.199491,
6.9,-8.82304,2.76305,6.8035,1.0587,-0.787842,-2.71409,0.199491,-6.10116,7.40384,12.0705,0.996991,-0.825694,-2.66671,0.199491,-6.55809,5.35594,10.2289,1.11695,-0.79535,-1.18909,0.199491,-9.53748,5.98876,11.6818,1.01181,-0.767051,-1.10394,0.199491,-8.28707,4.6891,12.0174,-0.737082,-0.20958,0.785252,0.199645,-8.61224,6.9354,8.72438,-0.805599,-0.271012,0.821343,0.199491,
7,-8.75192,2.70428,6.72858,1.06724,-0.751467,-2.75536,0.199491,-5.72594,7.36118,11.7154,1.03177,-0.67899,-2.77067,0.199491,-6.28234,5.09905,9.93489,0.968478,-0.69227,-1.1665,0.199491,-9.35385,6.12366,11.3485,1.07861,-0.730907,-1.21736,0.199491,-8.08937,4.78246,11.8141,-0.856502,-0.328125,0.7639,0.199645,-8.33653,6.79353,8.28395,-0.827555,-0.2974,0.754627,0.199491,
7.1,-8.71671,2.77531,6.74754,1.06202,-0.718393,-2.75726,0.199491,-5.41718,7.13599,11.3283,0.97464,-0.628818,-2.77489,0.199491,-6.16574,4.90705,9.72929,0.948039,-0.646172,-1.19972,0.199491,-8.9789,6.13009,11.102,0.973886,-0.660079,-1.17418,0.199491,-7.85508,4.82337,11.5836,-0.84238,-0.294752,0.696221,0.199645,-8.12603,6.59443,8.04566,-0.866978,-0.311166,0.700207,0.199491,
7.2,-8.70324,2.79261,6.76884,1.07872,-0.668116,-2.7664,0.199491,-5.34278,7.07445,11.2522,0.934352,-0.665893,-2.75468,0.199491,-6.14138,4.87546,9.69678,0.878789,-0.616277,-1.16469,0.199491,-8.87629,6.12067,11.0687,0.949268,-0.645222,-1.15999,0.199491,-7.78597,4.82322,11.5418,-0.847578,-0.292377,0.682836,0.199645,-8.07436,6.552,8.02217,-0.882432,-0.319713,0.690271,0.199491,
7.3,-8.74108,2.72015,6.71115,1.09944,-0.681849,-2.77832,0.199491,-5.60712,7.28101,11.5345,0.999416,-0.6849,-2.76761,0.199491,-6.232,5.01057,9.82252,1.03015,-0.691165,-1.22547,0.199491,-9.21499,6.12914,11.2192,0.978545,-0.6803,-1.16115,0.199491,-8.00155,4.81173,11.7006,-0.864664,-0.33463,0.741068,0.199645,-8.26189,6.70635,8.14463,-0.840103,-0.303699,0.73097,0.199491,
7.4,-8.76376,2.68181,6.72433,1.09779,-0.696423,-2.77012,0.199491,-5.97624,7.40783,11.884,1.02571,-0.780516,-2.72838,0.199491,-6.43637,5.2556,10.0842,1.21997,-0.794931,-1.29558,0.199491,-9.43869,6.06634,11.4802,1.11536,-0.772145,-1.2118,0.199491,-8.23564,4.76487,11.8877,-0.816351,-0.30228,0.784767,0.199645,-8.48015,6.87936,8.5028,-0.828768,-0.305184,0.804884,0.199491,
7.5,-8.8525,2.76345,6.77131,1.10015,-0.760135,-2.73186,0.199491,-6.245,7.46427,12.1353,1.07939,-0.762861,-2.71454,0.199491,-6.6191,5.37483,10.2404,1.15046,-0.807798,-1.20002,0.199491,-9.6758,5.96627,11.6824,1.04239,-0.778532,-1.11237,0.199491,-8.37453,4.69522,12.0313,-0.772176,-0.262565,0.813507,0.199645,-8.73802,6.95637,8.7303,-0.751856,-0.24102,0.822137,0.199491,
7.6,-8.89281,2.79595,6.78651,1.07998,-0.852783,-2.68708,0.199491,-6.48145,7.52281,12.2846,1.09987,-0.807625,-2.70155,0.199491,-6.74924,5.42321,10.3162,1.19951,-0.831729,-1.20689,0.199491,-9.87078,5.89771,11.7672,1.11148,-0.807304,-1.13113,0.199491,-8.51683,4.68303,12.1105,-0.693776,-0.210844,0.822324,0.199645,-8.94595,6.97766,8.82757,-0.736978,-0.250575,0.843192,0.199491,
