tgDataLogger2 started logging at time 01232019_210004, with 1 sensors on 1 senseable objects.
time,0_rod(rod).X,0_rod(rod).Y,0_rod(rod).Z,0_rod(rod).Euler1,0_rod(rod).Euler2,0_rod(rod).Euler3,0_rod(rod).mass,
0.1,0.994929,4.2243,1.09954,-0.0677825,0.000540503,0.242482,1.99491,
0.2,0.984577,5.49296,1.20536,-0.132903,0.0170756,0.486535,1.99491,
0.3,0.974226,5.78061,1.31118,-0.191366,0.0482854,0.729507,1.99491,
0.4,0.963874,5.08727,1.41699,-0.240094,0.0918927,0.971228,1.99491,
0.5,0.953523,3.41292,1.52281,-0.276688,0.145011,1.21228,1.99491,
0.6,0.987455,2.52749,1.82953,-0.316815,0.282301,1.54702,1.99491,
0.7,0.993641,2.56511,2.00861,-0.304004,0.39296,1.63232,1.99491,
0.8,0.926145,2.55058,1.9839,-0.287683,0.46194,1.571,1.99491,
0.9,0.790939,2.50164,1.80008,-0.26743,0.497729,1.43709,1.99491,
1,0.755583,2.5,1.78375,-0.239025,0.514909,1.45136,1.99491,
1.1,0.734922,2.5,1.79578,-0.211707,0.517598,1.46485,1.99491,
1.2,0.714243,2.5,1.80782,-0.184285,0.519967,1.47845,1.99491,
1.3,0.693544,2.5,1.81988,-0.156768,0.522013,1.49214,1.99491,
1.4,0.672825,2.5,1.83194,-0.129165,0.523732,1.50593,1.99491,
1.5,0.652087,2.5,1.84402,-0.101486,0.525122,1.51979,1.99491,
1.6,0.631328,2.5,1.85611,-0.0737413,0.52618,1.53371,1.99491,
1.7,0.610549,2.5,1.86821,-0.0459408,0.526903,1.54768,1.99491,
1.8,0.58975,2.5,1.88032,-0.0180944,0.527291,1.56169,1.99491,
1.9,0.56893,2.5,1.89245,0.00978645,0.527342,1.57572,1.99491,
2,0.548089,2.5,1.90459,0.0376906,0.527053,1.58976,1.99491,
2.1,0.527228,2.5,1.91673,0.0656082,0.526426,1.6038,1.99491,
2.2,0.506345,2.5,1.9289,0.0935294,0.52546,1.61781,1.99491,
2.3,0.485438,2.5,1.94107,0.121445,0.524153,1.6318,1.99491,
2.4,0.464509,2.5,1.95326,0.149343,0.522508,1.64574,1.99491,
2.5,0.443556,2.5,1.96546,0.177213,0.520525,1.65963,1.99491,
2.6,0.438986,2.5,1.96813,0.183257,0.52005,1.66264,1.99491,
2.7,0.438986,2.5,1.96813,0.183257,0.52005,1.66264,1.99491,
2.8,0.438986,2.5,1.96813,0.183257,0.52005,1.66264,1.99491,
2.9,0.5687,2.46455,1.89781,0.183415,0.521396,1.6541,1.99491,
3,0.808224,2.46386,1.64545,0.184717,0.520423,1.66017,1.99491,
3.1,0.933835,2.45568,1.52259,0.189258,0.519175,1.66806,1.99491,
3.2,0.988722,2.45317,1.44215,0.181758,0.520453,1.66013,1.99491,
3.3,1.11783,2.44773,1.35729,0.182688,0.519907,1.66352,1.99491,
3.4,1.48416,2.43089,1.23499,0.184333,0.518801,1.67079,1.99491,
3.5,2.75006,2.34185,1.05093,0.187224,0.51048,1.69074,1.99491,
3.6,3.85614,2.07217,0.753274,0.168284,0.521639,1.58318,1.99491,
3.7,4.60606,2.03889,0.519724,0.220861,0.508044,1.67443,1.99491,
3.8,5.57656,1.97418,0.233539,0.170012,0.527894,1.74979,1.99491,
3.9,7.70197,1.86241,-0.567147,0.230091,0.479395,1.77589,1.99491,
4,11.4791,1.74005,-2.2108,0.171895,0.468206,1.75577,1.99491,
4.1,13.0437,1.72453,-3.10353,0.29172,0.521147,1.72672,1.99491,
4.2,13.2826,1.96241,-3.14738,0.221791,0.513198,1.64089,1.99491,
4.3,13.1322,1.70884,-3.19049,0.163719,0.507587,1.52629,1.99491,
4.4,13.1412,1.72929,-3.0443,0.131266,0.548104,1.63286,1.99491,
4.5,13.2374,1.71637,-3.08943,0.218531,0.46626,1.77395,1.99491,
4.6,13.0683,1.71141,-3.15434,0.124247,0.510065,1.50862,1.99491,
4.7,13.1719,1.72766,-3.05526,0.174032,0.481299,1.74391,1.99491,
4.8,15.4548,1.70669,-4.11221,0.18759,0.473306,1.76941,1.99491,
4.9,15.5274,1.69384,-4.13195,0.231363,0.576265,1.55129,1.99491,
5,15.668,2.04118,-4.13933,0.292214,0.498452,1.72989,1.99491,
5.1,15.626,2.04586,-4.18556,0.280821,0.504145,1.68332,1.99491,
5.2,15.3844,1.70964,-4.13145,0.133355,0.516889,1.52238,1.99491,
5.3,15.3758,1.71847,-4.12069,0.155993,0.542769,1.66577,1.99491,
5.4,15.4729,1.70694,-4.11906,0.199172,0.463352,1.76917,1.99491,
5.5,15.6061,1.70847,-4.25119,0.296114,0.520983,1.74646,1.99491,
5.6,15.4439,1.71636,-4.10453,0.18111,0.49745,1.67916,1.99491,
5.7,19.2687,5.24085,-20.7053,0.535356,0.785357,1.96588,1.99491,
5.8,27.2589,10.4791,-55.5859,1.9929,-1.48161,-0.926872,1.99491,
5.9,35.2491,14.7363,-90.4665,2.18077,0.898953,-2.62407,1.99491,
6,43.2392,18.0126,-125.347,-0.0545798,-0.581381,1.38338,1.99491,
6.1,51.2294,20.3078,-160.228,2.74618,-0.0250463,-2.07689,1.99491,
6.2,59.2196,21.622,-195.108,0.117251,0.45359,1.61281,1.99491,
6.3,67.2098,21.9553,-229.989,3.028,-1.05678,-2.03483,1.99491,
6.4,75.1999,21.3075,-264.87,1.43022,1.23618,2.90448,1.99491,
6.5,83.1901,19.6787,-299.75,-0.363787,-1.01131,1.54111,1.99491,
6.6,91.1803,17.069,-334.631,2.76879,0.453805,-2.1294,1.99491,
6.7,99.1705,13.4782,-369.511,-0.145698,0.0448644,1.50067,1.99491,
6.8,107.161,8.90643,-404.392,3.08055,-0.576648,-2.10786,1.99491,
6.9,115.151,3.35367,-439.273,0.189241,1.08841,1.71941,1.99491,
7,120.907,2.80687,-470.906,0.626521,-1.0015,0.814739,1.99491,
7.1,126.359,2.73211,-501.816,2.9275,0.265927,-1.82011,1.99491,
7.2,131.867,2.41567,-532.418,0.245069,0.325411,1.39277,1.99491,
7.3,137.375,1.11824,-563.02,2.82879,-0.884497,-1.49619,1.99491,
