tgDataLogger2 started logging at time 01232019_205311, with 3 sensors on 1 senseable objects.
time,0_rod(strut).X,0_rod(strut).Y,0_rod(strut).Z,0_rod(strut).Euler1,0_rod(strut).Euler2,0_rod(strut).Euler3,0_rod(strut).mass,1_rod(strut).X,1_rod(strut).Y,1_rod(strut).Z,1_rod(strut).Euler1,1_rod(strut).Euler2,1_rod(strut).Euler3,1_rod(strut).mass,2_rod(payload).X,2_rod(payload).Y,2_rod(payload).Z,2_rod(payload).Euler1,2_rod(payload).Euler2,2_rod(payload).Euler3,2_rod(payload).mass,
0.1,0.0151017,11.1405,-6.45501,-1.18514,-0.103214,-0.139484,2.32229,-0.122523,10.9431,-5.582,-0.811218,1.30169,-2.21286,2.32229,4.7732,10.3996,-5.33431,-2.62017,0.750639,0.580067,2.70823,
0.2,-1.32277,16.7865,-11.4697,-1.10386,-0.707879,-0.799248,2.32229,-1.08817,17.2687,-11.1496,0.687745,1.00897,-0.423439,2.32229,6.95941,18.2251,-9.31648,-0.143254,0.322453,1.23189,2.70823,
0.3,-2.42664,21.6509,-16.5639,0.0509151,-0.980129,-2.56829,2.32229,-1.99853,22.0434,-16.7851,-1.21106,1.00415,-2.0202,2.32229,8.89755,25.3873,-13.1721,0.709816,0.132204,0.0864731,2.70823,
0.4,-3.41991,25.7584,-21.814,0.4113,-0.590935,2.63637,2.32229,-3.0195,25.6131,-22.2647,-1.96597,0.0591689,-2.36435,2.32229,10.8357,31.5684,-17.0278,1.26903,0.810461,-1.00002,2.70823,
0.5,-4.30484,28.8288,-27.3119,0.277829,-0.107903,1.87621,2.32229,-4.1488,28.2579,-27.4967,-2.62635,-0.759147,-1.9664,2.32229,12.7738,36.7686,-20.8835,-0.210173,1.1573,2.59757,2.70823,
0.6,-5.18853,30.6861,-32.9215,-0.22471,0.126517,1.04785,2.32229,-5.27934,30.1538,-32.6168,2.28757,-0.832459,-0.732895,2.32229,14.712,40.9878,-24.7391,-0.0992695,0.369164,1.29892,2.70823,
0.7,-6.17818,31.3502,-38.4356,-0.66229,-0.093513,0.203177,2.32229,-6.30393,31.2809,-37.8325,1.61695,-0.110422,-0.193913,2.32229,16.6501,44.2259,-28.5948,0.684405,0.188839,0.135071,2.70823,
0.8,-7.28063,31.0169,-43.7216,-0.776784,-0.505515,-0.607061,2.32229,-7.21571,31.4434,-43.2763,1.28416,0.767672,-0.0831683,2.32229,18.5883,46.4831,-32.4504,1.17977,0.813537,-1.01163,2.70823,
0.9,-8.40347,29.8923,-48.8418,-0.444989,-0.809931,-1.66569,2.32229,-8.1071,30.4351,-48.8859,-1.05325,1.42214,-2.12017,2.32229,20.5264,47.7593,-36.3061,-0.0900534,1.12245,2.76045,2.70823,
1,-9.44144,28.0198,-53.9947,0.0424946,-0.674378,-2.85916,2.32229,-9.08336,28.2128,-54.4627,-1.98066,0.595587,-2.71387,2.32229,22.4646,48.0544,-40.1618,-0.0501983,0.409299,1.37175,2.70823,
1.1,-10.3608,25.254,-59.3483,0.0767073,-0.321359,2.54309,2.32229,-10.1782,24.9218,-59.8389,-2.35308,-0.218366,-2.50487,2.32229,24.4027,47.3686,-44.0174,0.66537,0.246054,0.185648,2.70823,
1.2,-11.2216,21.3791,-64.9064,-0.186365,-0.101457,1.73174,2.32229,-11.3316,20.7779,-65.0106,3.12101,-0.771481,-1.79389,2.32229,26.3408,45.7018,-47.8731,1.09293,0.81919,-1.01977,2.70823,
1.3,-12.1305,16.2841,-70.5083,-0.513328,-0.177773,0.909273,2.32229,-12.437,15.8921,-70.1384,2.04527,-0.506362,-0.80749,2.32229,28.279,43.0539,-51.7287,0.000123202,1.07938,2.89648,2.70823,
1.4,-13.1551,10.05,-75.9589,-0.651915,-0.488799,0.0873944,2.32229,-13.4266,10.1833,-75.4176,1.56926,0.245978,-0.445099,2.32229,30.2171,39.4251,-55.5844,0.00350168,0.442134,1.44997,2.70823,
1.5,-14.1853,3.04211,-81.122,0.112359,-0.926039,-1.47067,2.32229,-14.2933,3.62474,-80.9154,1.31299,0.920742,-0.322431,2.32229,32.1553,34.8153,-59.4401,0.653062,0.303347,0.238755,2.70823,
1.6,-15.2291,1.92597,-84.9158,-0.141406,-0.996878,-1.45667,2.32229,-15.221,2.5449,-84.8696,0.224201,1.24581,-1.32628,2.32229,34.0934,29.2244,-63.2957,1.00834,0.827748,-1.02499,2.70823,
1.7,-16.2042,1.81,-88.1798,-0.0902748,-1.14978,-1.48837,2.32229,-16.1924,2.43018,-88.1811,-0.132988,1.10321,-1.66541,2.32229,36.0316,22.6526,-67.1514,0.0636907,1.03087,3.00903,2.70823,
1.8,-17.0099,1.81,-90.9088,0.606272,-1.25558,-2.15363,2.32229,-17.0385,2.42501,-90.9877,-0.0984178,0.942895,-1.71916,2.32229,37.9697,15.0998,-71.007,0.061048,0.467015,1.53283,2.70823,
1.9,-17.6865,1.81,-93.1784,1.27554,-1.17104,-2.82268,2.32229,-17.7514,2.41892,-93.2949,-0.0521322,0.808228,-1.71254,2.32229,39.7642,6.94566,-74.8645,0.493065,-0.177942,0.322349,2.70823,
2,-18.2543,1.81,-94.9954,1.56752,-1.32072,-3.13821,2.32229,-18.2811,2.42138,-95.0996,-0.179037,0.668728,-1.79414,2.32229,39.7448,8.62511,-78.5524,-2.50397,-0.497894,3.04212,2.70823,
2.1,-18.6613,1.81,-96.3437,2.06317,-1.3514,2.63905,2.32229,-18.6684,2.42291,-96.4386,-0.210332,0.555656,-1.79552,2.32229,40.0334,9.93481,-82.1754,-2.62341,1.27414,-3.08563,2.70823,
2.2,-18.9037,1.81,-97.2264,2.23832,-1.27302,2.45208,2.32229,-18.9134,2.42257,-97.326,-0.147948,0.483426,-1.75164,2.32229,40.322,10.2635,-85.7984,0.395715,0.091658,0.125532,2.70823,
2.3,-19,1.81,-97.6599,2.32991,-1.23318,2.35343,2.32229,-19.0079,2.42257,-97.7606,-0.128104,0.436945,-1.73673,2.32229,40.6107,9.61123,-89.4214,-1.70142,-1.34529,2.22868,2.70823,
2.4,-19.0084,1.81,-97.6977,2.51289,-1.26982,2.17778,2.32229,-19.0132,2.42488,-97.7814,-0.15497,0.423965,-1.74724,2.32229,40.8993,7.97793,-93.0445,-2.58526,0.349749,3.12363,2.70823,
2.5,-19.0086,1.81,-97.6956,2.53025,-1.27332,2.16119,2.32229,-19.0154,2.42555,-97.7742,-0.145255,0.425899,-1.73673,2.32229,41.5178,7.59562,-95.5203,-2.23407,1.34041,-2.61573,2.70823,
2.6,-19.0097,1.81,-97.6899,2.58523,-1.28335,2.10855,2.32229,-19.0154,2.42609,-97.7646,-0.155224,0.424202,-1.74365,2.32229,42.1147,7.09301,-97.6195,-2.6373,-0.0774143,-2.86985,2.70823,
2.7,-19.0067,1.81,-97.701,2.47892,-1.26251,2.2102,2.32229,-19.0101,2.42442,-97.7876,-0.15433,0.424402,-1.74694,2.32229,42.4707,6.38091,-99.4738,0.672993,0.444804,-0.189298,2.70823,
2.8,-19.0085,1.81,-97.693,2.55226,-1.27751,2.14014,2.32229,-19.0129,2.42554,-97.7719,-0.157238,0.423592,-1.74829,2.32229,42.873,6.56878,-100.814,0.648872,0.857229,-0.0985408,2.70823,
2.9,-19.0071,1.81,-97.6982,2.50142,-1.26745,2.18874,2.32229,-19.0103,2.4248,-97.7821,-0.156015,0.424125,-1.7477,2.32229,43.3729,6.48679,-102.327,0.736313,0.093827,-0.0710331,2.70823,
3,-19.0078,1.81,-97.6952,2.52876,-1.27303,2.16262,2.32229,-19.0115,2.42526,-97.7759,-0.155989,0.42382,-1.74773,2.32229,43.5619,6.52755,-103.777,0.736562,-0.0867741,-0.00848934,2.70823,
3.1,-19.0078,1.81,-97.6956,2.52232,-1.27175,2.16878,2.32229,-19.0112,2.42519,-97.7767,-0.155684,0.424125,-1.74763,2.32229,43.5669,6.53789,-105.309,0.719542,-0.758105,0.0200008,2.70823,
3.2,-19.008,1.81,-97.6955,2.52064,-1.27145,2.17039,2.32229,-19.0113,2.42519,-97.7766,-0.155338,0.424195,-1.74749,2.32229,43.3956,6.46238,-106.763,0.647945,-0.955432,0.123238,2.70823,
3.3,-19.0082,1.81,-97.6954,2.51964,-1.27129,2.17135,2.32229,-19.0113,2.4252,-97.7763,-0.155106,0.424237,-1.7474,2.32229,43.2571,6.53283,-108.214,0.470155,-1.10237,0.284663,2.70823,
3.4,-19.0084,1.81,-97.6952,2.5187,-1.27114,2.17225,2.32229,-19.0113,2.42522,-97.776,-0.154878,0.424278,-1.74731,2.32229,42.9435,6.53246,-109.713,-1.82947,-1.30562,2.53499,2.70823,
3.5,-19.0086,1.81,-97.6951,2.51779,-1.27099,2.17312,2.32229,-19.0114,2.42523,-97.7758,-0.154652,0.424317,-1.74722,2.32229,42.4891,6.46263,-111.097,-1.93655,-1.13582,2.62239,2.70823,
3.6,-19.0088,1.81,-97.6948,2.51738,-1.27093,2.17352,2.32229,-19.0114,2.42525,-97.7754,-0.154468,0.424351,-1.74714,2.32229,42.056,6.53866,-112.497,-2.08039,-0.935172,2.69576,2.70823,
3.7,-19.009,1.81,-97.6947,2.51657,-1.27079,2.1743,2.32229,-19.0115,2.42526,-97.7751,-0.154255,0.424387,-1.74706,2.32229,41.4298,6.52685,-113.895,-2.35916,-0.310094,2.84494,2.70823,
3.8,-19.0093,1.81,-97.6945,2.51592,-1.27067,2.17492,2.32229,-19.0116,2.42527,-97.7748,-0.154057,0.424417,-1.74698,2.32229,40.7071,6.46566,-115.156,-2.38631,-0.203848,2.78923,2.70823,
3.9,-19.0095,1.81,-97.6944,2.51535,-1.27056,2.17546,2.32229,-19.0116,2.42528,-97.7745,-0.153857,0.424449,-1.7469,2.32229,39.9972,6.54433,-116.451,-2.50716,0.0128392,2.7578,2.70823,
4,-19.0097,1.81,-97.6943,2.51474,-1.27043,2.17605,2.32229,-19.0116,2.4253,-97.7743,-0.153672,0.424485,-1.74683,2.32229,39.0932,6.52153,-117.69,-2.80124,0.588398,2.64458,2.70823,
4.1,-19.0099,1.81,-97.6942,2.51422,-1.27033,2.17655,2.32229,-19.0117,2.42531,-97.7741,-0.153476,0.424516,-1.74675,2.32229,38.1422,6.46773,-118.785,-2.89929,0.615185,2.55456,2.70823,
4.2,-19.0101,1.81,-97.6941,2.51372,-1.27023,2.17702,2.32229,-19.0117,2.42532,-97.7738,-0.153279,0.424547,-1.74667,2.32229,37.189,6.54767,-119.92,3.08462,0.816234,2.3699,2.70823,
4.3,-19.0103,1.81,-97.694,2.5132,-1.27012,2.17752,2.32229,-19.0118,2.42533,-97.7736,-0.153092,0.42458,-1.74659,2.32229,36.0567,6.51431,-120.945,2.04102,1.04659,1.50256,2.70823,
4.4,-19.0105,1.81,-97.6939,2.51274,-1.27003,2.17796,2.32229,-19.0118,2.42534,-97.7734,-0.152899,0.424611,-1.74652,2.32229,34.9196,6.46908,-121.827,1.93754,0.987224,1.45372,2.70823,
4.5,-19.0107,1.81,-97.6938,2.5123,-1.26994,2.17839,2.32229,-19.0118,2.42535,-97.7732,-0.152707,0.424642,-1.74644,2.32229,33.7569,6.54807,-122.744,1.36441,0.86183,1.04061,2.70823,
