tgDataLogger2 started logging at time 01242019_103944, with 2 sensors on 1 senseable objects.
time,0_rod(strut).X,0_rod(strut).Y,0_rod(strut).Z,0_rod(strut).Euler1,0_rod(strut).Euler2,0_rod(strut).Euler3,0_rod(strut).mass,1_rod(strut).X,1_rod(strut).Y,1_rod(strut).Z,1_rod(strut).Euler1,1_rod(strut).Euler2,1_rod(strut).Euler3,1_rod(strut).mass,
0.1,-0.709765,1.53736,1.71331e-05,5.62961e-07,6.09127e-05,-5.30834e-07,0.0600995,-0.684579,-1.53793,0.000186448,-3.14159,0.000138425,5.39842e-07,0.0610156,
0.2,-0.709334,1.53736,1.30776e-05,5.62961e-07,6.00931e-05,-5.30832e-07,0.0600995,-0.684581,-1.53793,0.000179275,-3.14159,0.000139263,5.39846e-07,0.0610156,
0.3,-0.708891,1.53736,9.11523e-06,5.62961e-07,5.92897e-05,-5.30829e-07,0.0600995,-0.684582,-1.53793,0.000172113,-3.14159,0.000140086,5.39824e-07,0.0610156,
0.4,-0.708437,1.53736,5.2524e-06,5.6296e-07,5.8502e-05,-5.30828e-07,0.0600995,-0.684584,-1.53793,0.000164963,-3.14159,0.000140894,5.39822e-07,0.0610156,
0.5,-0.707971,1.53736,1.49775e-06,5.6296e-07,5.77292e-05,-5.30826e-07,0.0600995,-0.684586,-1.53793,0.000157827,-3.14159,0.000141687,5.39823e-07,0.0610156,
0.6,-0.707492,1.53736,-2.13506e-06,5.62961e-07,5.69702e-05,-5.30824e-07,0.0600995,-0.684588,-1.53793,0.000150705,-3.14159,0.000142464,5.39845e-07,0.0610156,
0.7,-0.707001,1.53736,-5.62159e-06,5.62963e-07,5.62222e-05,-5.30822e-07,0.0600995,-0.68459,-1.53793,0.000143601,-3.14159,0.000143224,5.39816e-07,0.0610156,
0.8,-0.706497,1.53736,-8.90735e-06,5.62972e-07,5.54779e-05,-5.30817e-07,0.0600995,-0.684591,-1.53793,0.000136517,-3.14159,0.000143968,5.39815e-07,0.0610156,
0.9,-0.70598,1.53736,-1.18142e-05,5.63e-07,5.47066e-05,-5.30813e-07,0.0600995,-0.684593,-1.53793,0.000129462,-3.14159,0.000144695,5.39839e-07,0.0610156,
1,-0.705455,1.53736,-1.30734e-05,5.62644e-07,5.35213e-05,-5.31231e-07,0.0600995,-0.684595,-1.53793,0.000122474,-3.14159,0.000145404,5.3981e-07,0.0610156,
1.1,-0.704926,1.53736,-1.10143e-05,5.62865e-07,5.27514e-05,-5.30866e-07,0.0600995,-0.684596,-1.53793,0.000115684,-3.14159,0.000146095,5.39838e-07,0.0610156,
1.2,-0.704399,1.53736,-1.43933e-05,5.62876e-07,5.20754e-05,-5.31305e-07,0.0600995,-0.684598,-1.53793,0.000109045,-3.14159,0.000146769,5.39844e-07,0.0610156,
1.3,-0.703863,1.53736,-1.60543e-05,5.62622e-07,5.13798e-05,-5.31386e-07,0.0600995,-0.684599,-1.53793,0.000102619,-3.14159,0.000147425,5.39809e-07,0.0610156,
1.4,-0.703333,1.53736,-2.21133e-05,5.6294e-07,5.0689e-05,-5.31241e-07,0.0600995,-0.684601,-1.53793,9.61038e-05,-3.14159,0.000148063,5.39824e-07,0.0610156,
1.5,-0.702797,1.53736,-1.97769e-05,5.62944e-07,5.00376e-05,-5.30858e-07,0.0600995,-0.684602,-1.53793,8.96966e-05,-3.14159,0.000148683,5.39821e-07,0.0610156,
1.6,-0.70226,1.53736,-1.68831e-05,5.63009e-07,4.93929e-05,-5.31109e-07,0.0600995,-0.684604,-1.53793,8.34896e-05,-3.14159,0.000149285,5.39845e-07,0.0610156,
1.7,-0.701715,1.53736,-2.65696e-05,5.62699e-07,4.87786e-05,-5.31021e-07,0.0600995,-0.684605,-1.53793,7.7328e-05,-3.14159,0.000149869,5.3981e-07,0.0610156,
1.8,-0.701181,1.53736,-2.31673e-05,5.62671e-07,4.81677e-05,-5.31117e-07,0.0600995,-0.684606,-1.53793,7.11156e-05,-3.14159,0.000150435,5.39836e-07,0.0610156,
1.9,-0.700642,1.53736,-3.40939e-05,5.62678e-07,4.75694e-05,-5.31148e-07,0.0600995,-0.684607,-1.53793,6.48387e-05,-3.14159,0.000150983,5.39818e-07,0.0610156,
2,-0.700099,1.53736,-3.44675e-05,5.63064e-07,4.69937e-05,-5.31033e-07,0.0600995,-0.684609,-1.53793,5.86137e-05,-3.14159,0.000151513,5.39843e-07,0.0610156,
2.1,-0.699566,1.53736,-3.38598e-05,5.62996e-07,4.64314e-05,-5.3085e-07,0.0600995,-0.68461,-1.53793,5.25079e-05,-3.14159,0.000152025,5.39841e-07,0.0610156,
2.2,-0.699032,1.53736,-4.11922e-05,5.62854e-07,4.58782e-05,-5.31119e-07,0.0600995,-0.684611,-1.53793,4.61374e-05,-3.14159,0.000152519,5.39864e-07,0.0610156,
2.3,-0.698499,1.53736,-5.49027e-05,5.63068e-07,4.53427e-05,-5.31019e-07,0.0600995,-0.684612,-1.53793,3.93446e-05,-3.14159,0.000152995,5.39822e-07,0.0610156,
2.4,-0.697982,1.53736,-4.66016e-05,5.62611e-07,4.48251e-05,-5.31375e-07,0.0600995,-0.684613,-1.53793,3.25181e-05,-3.14159,0.000153453,5.39806e-07,0.0610156,
2.5,-0.697432,1.53736,-4.27974e-05,5.6296e-07,4.43352e-05,-5.31054e-07,0.0600995,-0.684614,-1.53793,2.64067e-05,-3.14159,0.000153894,5.39842e-07,0.0610156,
2.6,-0.696898,1.53736,-3.01132e-05,5.63126e-07,4.38668e-05,-5.30874e-07,0.0600995,-0.684615,-1.53793,2.13735e-05,-3.14159,0.000154316,5.39833e-07,0.0610156,
2.7,-0.696345,1.53736,-4.2797e-05,5.62834e-07,4.34083e-05,-5.31435e-07,0.0600995,-0.684616,-1.53793,1.64705e-05,-3.14159,0.00015472,5.39829e-07,0.0610156,
2.8,-0.695808,1.53736,-4.50011e-05,5.62909e-07,4.2975e-05,-5.30822e-07,0.0600995,-0.684617,-1.53793,1.11915e-05,-3.14159,0.000155107,5.3984e-07,0.0610156,
2.9,-0.695261,1.53736,-4.77304e-05,5.62673e-07,4.25563e-05,-5.31384e-07,0.0600995,-0.684618,-1.53793,5.83343e-06,-3.14159,0.000155475,5.39834e-07,0.0610156,
3,-0.694723,1.53736,-4.76545e-05,5.62623e-07,4.21607e-05,-5.31162e-07,0.0600995,-0.684619,-1.53793,1.05721e-06,-3.14159,0.000155825,5.39836e-07,0.0610156,
3.1,-0.69419,1.53736,-6.44198e-05,5.62948e-07,4.17776e-05,-5.3102e-07,0.0600995,-0.684619,-1.53793,-4.80755e-06,-3.14159,0.000156156,5.39881e-07,0.0610156,
3.2,-0.693637,1.53736,-5.99735e-05,5.62984e-07,4.14195e-05,-5.31154e-07,0.0600995,-0.68462,-1.53793,-1.09289e-05,-3.14159,0.00015647,5.3985e-07,0.0610156,
3.3,-0.693098,1.53736,-7.548e-05,5.62617e-07,4.10793e-05,-5.31402e-07,0.0600995,-0.684621,-1.53793,-1.77113e-05,-3.14159,0.000156764,5.39842e-07,0.0610156,
3.4,-0.692563,1.53736,-7.52713e-05,5.62918e-07,4.07616e-05,-5.31307e-07,0.0600995,-0.684621,-1.53793,-2.49792e-05,-3.14159,0.000157041,5.39822e-07,0.0610156,
3.5,-0.69204,1.53736,-7.91616e-05,-9.33924e-07,4.05276e-05,-3.03676e-07,0.0600995,-0.684622,-1.53793,-3.25194e-05,-3.14159,0.000157301,5.3981e-07,0.0610156,
3.6,-0.691506,1.53736,-8.2034e-05,-9.34021e-07,4.02356e-05,-3.03684e-07,0.0600995,-0.684622,-1.53793,-3.96021e-05,-3.14159,0.000157542,5.39851e-07,0.0610156,
3.7,-0.690956,1.53736,-9.04637e-05,-9.34194e-07,3.99752e-05,-3.03545e-07,0.0600995,-0.684623,-1.53793,-4.51299e-05,-3.14159,0.000157766,5.39831e-07,0.0610156,
3.8,-0.690421,1.53736,-0.000153713,-9.34021e-07,3.97383e-05,-3.03629e-07,0.0600995,-0.684623,-1.53793,-5.81445e-05,-3.14159,0.00015797,5.39814e-07,0.0610156,
3.9,-0.689865,1.53736,-0.000151739,-9.34151e-07,3.95026e-05,-3.03615e-07,0.0600995,-0.684623,-1.53793,-7.42282e-05,-3.14159,0.000158156,5.39847e-07,0.0610156,
4,-0.689317,1.53736,-0.000129409,-9.33941e-07,3.92852e-05,-3.03722e-07,0.0600995,-0.684624,-1.53793,-8.80254e-05,-3.14159,0.000158324,5.39849e-07,0.0610156,
4.1,-0.688762,1.53736,-0.000157811,-9.33817e-07,3.91058e-05,-3.03676e-07,0.0600995,-0.684624,-1.53793,-9.94777e-05,-3.14159,0.000158474,5.39844e-07,0.0610156,
