tgDataLogger2 started logging at time 01232019_205643, with 6 sensors on 1 senseable objects.
time,0_rod(rod compound_OLa9ER).X,0_rod(rod compound_OLa9ER).Y,0_rod(rod compound_OLa9ER).Z,0_rod(rod compound_OLa9ER).Euler1,0_rod(rod compound_OLa9ER).Euler2,0_rod(rod compound_OLa9ER).Euler3,0_rod(rod compound_OLa9ER).mass,1_rod(rod compound_OLa9ER).X,1_rod(rod compound_OLa9ER).Y,1_rod(rod compound_OLa9ER).Z,1_rod(rod compound_OLa9ER).Euler1,1_rod(rod compound_OLa9ER).Euler2,1_rod(rod compound_OLa9ER).Euler3,1_rod(rod compound_OLa9ER).mass,2_rod(rod compound_OLa9ER).X,2_rod(rod compound_OLa9ER).Y,2_rod(rod compound_OLa9ER).Z,2_rod(rod compound_OLa9ER).Euler1,2_rod(rod compound_OLa9ER).Euler2,2_rod(rod compound_OLa9ER).Euler3,2_rod(rod compound_OLa9ER).mass,3_rod(strut compound_OLa9ER).X,3_rod(strut compound_OLa9ER).Y,3_rod(strut compound_OLa9ER).Z,3_rod(strut compound_OLa9ER).Euler1,3_rod(strut compound_OLa9ER).Euler2,3_rod(strut compound_OLa9ER).Euler3,3_rod(strut compound_OLa9ER).mass,4_rod(strut compound_OLa9ER).X,4_rod(strut compound_OLa9ER).Y,4_rod(strut compound_OLa9ER).Z,4_rod(strut compound_OLa9ER).Euler1,4_rod(strut compound_OLa9ER).Euler2,4_rod(strut compound_OLa9ER).Euler3,4_rod(strut compound_OLa9ER).mass,5_rod(strut compound_OLa9ER).X,5_rod(strut compound_OLa9ER).Y,5_rod(strut compound_OLa9ER).Z,5_rod(strut compound_OLa9ER).Euler1,5_rod(strut compound_OLa9ER).Euler2,5_rod(strut compound_OLa9ER).Euler3,5_rod(strut compound_OLa9ER).mass,
0.1,2.04647,15.6945,3.95237,-0.00967416,-0.00213981,-0.00152295,45.0463,2.04647,15.6945,3.95237,-0.00967416,-0.00213981,-0.00152295,45.0463,2.04647,15.6945,3.95237,-0.00967416,-0.00213981,-0.00152295,45.0463,2.04647,15.6945,3.95237,-0.00967416,-0.00213981,-0.00152295,45.0463,2.04647,15.6945,3.95237,-0.00967416,-0.00213981,-0.00152295,45.0463,2.04647,15.6945,3.95237,-0.00967416,-0.00213981,-0.00152295,45.0463,
0.2,2.08923,20.0399,3.93775,-0.019208,-0.00543321,-0.00275371,45.0463,2.08923,20.0399,3.93775,-0.019208,-0.00543321,-0.00275371,45.0463,2.08923,20.0399,3.93775,-0.019208,-0.00543321,-0.00275371,45.0463,2.08923,20.0399,3.93775,-0.019208,-0.00543321,-0.00275371,45.0463,2.08923,20.0399,3.93775,-0.019208,-0.00543321,-0.00275371,45.0463,2.08923,20.0399,3.93775,-0.019208,-0.00543321,-0.00275371,45.0463,
0.3,2.132,23.4042,3.92314,-0.0287338,-0.00873833,-0.00398385,45.0463,2.132,23.4042,3.92314,-0.0287338,-0.00873833,-0.00398385,45.0463,2.132,23.4042,3.92314,-0.0287338,-0.00873833,-0.00398385,45.0463,2.132,23.4042,3.92314,-0.0287338,-0.00873833,-0.00398385,45.0463,2.132,23.4042,3.92314,-0.0287338,-0.00873833,-0.00398385,45.0463,2.132,23.4042,3.92314,-0.0287338,-0.00873833,-0.00398385,45.0463,
0.4,2.17477,25.7876,3.90852,-0.0382516,-0.0120551,-0.0052133,45.0463,2.17477,25.7876,3.90852,-0.0382516,-0.0120551,-0.0052133,45.0463,2.17477,25.7876,3.90852,-0.0382516,-0.0120551,-0.0052133,45.0463,2.17477,25.7876,3.90852,-0.0382516,-0.0120551,-0.0052133,45.0463,2.17477,25.7876,3.90852,-0.0382516,-0.0120551,-0.0052133,45.0463,2.17477,25.7876,3.90852,-0.0382516,-0.0120551,-0.0052133,45.0463,
0.5,2.21753,27.1899,3.89391,-0.0477614,-0.0153836,-0.00644199,45.0463,2.21753,27.1899,3.89391,-0.0477614,-0.0153836,-0.00644199,45.0463,2.21753,27.1899,3.89391,-0.0477614,-0.0153836,-0.00644199,45.0463,2.21753,27.1899,3.89391,-0.0477614,-0.0153836,-0.00644199,45.0463,2.21753,27.1899,3.89391,-0.0477614,-0.0153836,-0.00644199,45.0463,2.21753,27.1899,3.89391,-0.0477614,-0.0153836,-0.00644199,45.0463,
0.6,2.2603,27.6112,3.8793,-0.0572631,-0.0187237,-0.00766985,45.0463,2.2603,27.6112,3.8793,-0.0572631,-0.0187237,-0.00766985,45.0463,2.2603,27.6112,3.8793,-0.0572631,-0.0187237,-0.00766985,45.0463,2.2603,27.6112,3.8793,-0.0572631,-0.0187237,-0.00766985,45.0463,2.2603,27.6112,3.8793,-0.0572631,-0.0187237,-0.00766985,45.0463,2.2603,27.6112,3.8793,-0.0572631,-0.0187237,-0.00766985,45.0463,
0.7,2.30307,27.0516,3.86468,-0.0667567,-0.0220755,-0.0088968,45.0463,2.30307,27.0516,3.86468,-0.0667567,-0.0220755,-0.0088968,45.0463,2.30307,27.0516,3.86468,-0.0667567,-0.0220755,-0.0088968,45.0463,2.30307,27.0516,3.86468,-0.0667567,-0.0220755,-0.0088968,45.0463,2.30307,27.0516,3.86468,-0.0667567,-0.0220755,-0.0088968,45.0463,2.30307,27.0516,3.86468,-0.0667567,-0.0220755,-0.0088968,45.0463,
0.8,2.34583,25.5109,3.85007,-0.0762423,-0.0254388,-0.0101228,45.0463,2.34583,25.5109,3.85007,-0.0762423,-0.0254388,-0.0101228,45.0463,2.34583,25.5109,3.85007,-0.0762423,-0.0254388,-0.0101228,45.0463,2.34583,25.5109,3.85007,-0.0762423,-0.0254388,-0.0101228,45.0463,2.34583,25.5109,3.85007,-0.0762423,-0.0254388,-0.0101228,45.0463,2.34583,25.5109,3.85007,-0.0762423,-0.0254388,-0.0101228,45.0463,
0.9,2.3886,22.9892,3.83546,-0.0857199,-0.0288137,-0.0113477,45.0463,2.3886,22.9892,3.83546,-0.0857199,-0.0288137,-0.0113477,45.0463,2.3886,22.9892,3.83546,-0.0857199,-0.0288137,-0.0113477,45.0463,2.3886,22.9892,3.83546,-0.0857199,-0.0288137,-0.0113477,45.0463,2.3886,22.9892,3.83546,-0.0857199,-0.0288137,-0.0113477,45.0463,2.3886,22.9892,3.83546,-0.0857199,-0.0288137,-0.0113477,45.0463,
1,2.43137,19.4866,3.82084,-0.0951894,-0.0322002,-0.0125716,45.0463,2.43137,19.4866,3.82084,-0.0951894,-0.0322002,-0.0125716,45.0463,2.43137,19.4866,3.82084,-0.0951894,-0.0322002,-0.0125716,45.0463,2.43137,19.4866,3.82084,-0.0951894,-0.0322002,-0.0125716,45.0463,2.43137,19.4866,3.82084,-0.0951894,-0.0322002,-0.0125716,45.0463,2.43137,19.4866,3.82084,-0.0951894,-0.0322002,-0.0125716,45.0463,
1.1,2.47413,15.0029,3.80623,-0.104651,-0.0355981,-0.0137942,45.0463,2.47413,15.0029,3.80623,-0.104651,-0.0355981,-0.0137942,45.0463,2.47413,15.0029,3.80623,-0.104651,-0.0355981,-0.0137942,45.0463,2.47413,15.0029,3.80623,-0.104651,-0.0355981,-0.0137942,45.0463,2.47413,15.0029,3.80623,-0.104651,-0.0355981,-0.0137942,45.0463,2.47413,15.0029,3.80623,-0.104651,-0.0355981,-0.0137942,45.0463,
1.2,2.55879,10.6127,3.7863,-0.118206,-0.0394638,-0.015639,45.0463,2.55879,10.6127,3.7863,-0.118206,-0.0394638,-0.015639,45.0463,2.55879,10.6127,3.7863,-0.118206,-0.0394638,-0.015639,45.0463,2.55879,10.6127,3.7863,-0.118206,-0.0394638,-0.015639,45.0463,2.55879,10.6127,3.7863,-0.118206,-0.0394638,-0.015639,45.0463,2.55879,10.6127,3.7863,-0.118206,-0.0394638,-0.015639,45.0463,
1.3,2.8689,11.0025,3.73774,-0.153177,-0.0458433,-0.0207359,45.0463,2.8689,11.0025,3.73774,-0.153177,-0.0458433,-0.0207359,45.0463,2.8689,11.0025,3.73774,-0.153177,-0.0458433,-0.0207359,45.0463,2.8689,11.0025,3.73774,-0.153177,-0.0458433,-0.0207359,45.0463,2.8689,11.0025,3.73774,-0.153177,-0.0458433,-0.0207359,45.0463,2.8689,11.0025,3.73774,-0.153177,-0.0458433,-0.0207359,45.0463,
1.4,3.17917,10.4134,3.68915,-0.188136,-0.0523984,-0.0258143,45.0463,3.17917,10.4134,3.68915,-0.188136,-0.0523984,-0.0258143,45.0463,3.17917,10.4134,3.68915,-0.188136,-0.0523984,-0.0258143,45.0463,3.17917,10.4134,3.68915,-0.188136,-0.0523984,-0.0258143,45.0463,3.17917,10.4134,3.68915,-0.188136,-0.0523984,-0.0258143,45.0463,3.17917,10.4134,3.68915,-0.188136,-0.0523984,-0.0258143,45.0463,
1.5,3.64515,10.343,3.61921,-0.240303,-0.0596323,-0.033177,45.0463,3.64515,10.343,3.61921,-0.240303,-0.0596323,-0.033177,45.0463,3.64515,10.343,3.61921,-0.240303,-0.0596323,-0.033177,45.0463,3.64515,10.343,3.61921,-0.240303,-0.0596323,-0.033177,45.0463,3.64515,10.343,3.61921,-0.240303,-0.0596323,-0.033177,45.0463,3.64515,10.343,3.61921,-0.240303,-0.0596323,-0.033177,45.0463,
1.6,4.24293,10.2132,3.53105,-0.307695,-0.0679608,-0.0425061,45.0463,4.24293,10.2132,3.53105,-0.307695,-0.0679608,-0.0425061,45.0463,4.24293,10.2132,3.53105,-0.307695,-0.0679608,-0.0425061,45.0463,4.24293,10.2132,3.53105,-0.307695,-0.0679608,-0.0425061,45.0463,4.24293,10.2132,3.53105,-0.307695,-0.0679608,-0.0425061,45.0463,4.24293,10.2132,3.53105,-0.307695,-0.0679608,-0.0425061,45.0463,
1.7,5.01309,9.98021,3.41888,-0.396227,-0.0781594,-0.0544219,45.0463,5.01309,9.98021,3.41888,-0.396227,-0.0781594,-0.0544219,45.0463,5.01309,9.98021,3.41888,-0.396227,-0.0781594,-0.0544219,45.0463,5.01309,9.98021,3.41888,-0.396227,-0.0781594,-0.0544219,45.0463,5.01309,9.98021,3.41888,-0.396227,-0.0781594,-0.0544219,45.0463,5.01309,9.98021,3.41888,-0.396227,-0.0781594,-0.0544219,45.0463,
1.8,5.99532,9.56556,3.27712,-0.513358,-0.0914772,-0.0694954,45.0463,5.99532,9.56556,3.27712,-0.513358,-0.0914772,-0.0694954,45.0463,5.99532,9.56556,3.27712,-0.513358,-0.0914772,-0.0694954,45.0463,5.99532,9.56556,3.27712,-0.513358,-0.0914772,-0.0694954,45.0463,5.99532,9.56556,3.27712,-0.513358,-0.0914772,-0.0694954,45.0463,5.99532,9.56556,3.27712,-0.513358,-0.0914772,-0.0694954,45.0463,
1.9,7.20946,8.83871,3.10295,-0.668627,-0.109926,-0.0879777,45.0463,7.20946,8.83871,3.10295,-0.668627,-0.109926,-0.0879777,45.0463,7.20946,8.83871,3.10295,-0.668627,-0.109926,-0.0879777,45.0463,7.20946,8.83871,3.10295,-0.668627,-0.109926,-0.0879777,45.0463,7.20946,8.83871,3.10295,-0.668627,-0.109926,-0.0879777,45.0463,7.20946,8.83871,3.10295,-0.668627,-0.109926,-0.0879777,45.0463,
2,8.60944,7.59582,2.90286,-0.874158,-0.136848,-0.109125,45.0463,8.60944,7.59582,2.90286,-0.874158,-0.136848,-0.109125,45.0463,8.60944,7.59582,2.90286,-0.874158,-0.136848,-0.109125,45.0463,8.60944,7.59582,2.90286,-0.874158,-0.136848,-0.109125,45.0463,8.60944,7.59582,2.90286,-0.874158,-0.136848,-0.109125,45.0463,8.60944,7.59582,2.90286,-0.874158,-0.136848,-0.109125,45.0463,
2.1,10.0362,5.59282,2.69975,-1.14097,-0.177295,-0.129416,45.0463,10.0362,5.59282,2.69975,-1.14097,-0.177295,-0.129416,45.0463,10.0362,5.59282,2.69975,-1.14097,-0.177295,-0.129416,45.0463,10.0362,5.59282,2.69975,-1.14097,-0.177295,-0.129416,45.0463,10.0362,5.59282,2.69975,-1.14097,-0.177295,-0.129416,45.0463,10.0362,5.59282,2.69975,-1.14097,-0.177295,-0.129416,45.0463,
2.2,11.3978,2.72708,2.50701,-1.47128,-0.233519,-0.140523,45.0463,11.3978,2.72708,2.50701,-1.47128,-0.233519,-0.140523,45.0463,11.3978,2.72708,2.50701,-1.47128,-0.233519,-0.140523,45.0463,11.3978,2.72708,2.50701,-1.47128,-0.233519,-0.140523,45.0463,11.3978,2.72708,2.50701,-1.47128,-0.233519,-0.140523,45.0463,11.3978,2.72708,2.50701,-1.47128,-0.233519,-0.140523,45.0463,
2.3,11.6185,2.29321,2.47044,-1.51756,-0.252072,-0.140836,45.0463,11.6185,2.29321,2.47044,-1.51756,-0.252072,-0.140836,45.0463,11.6185,2.29321,2.47044,-1.51756,-0.252072,-0.140836,45.0463,11.6185,2.29321,2.47044,-1.51756,-0.252072,-0.140836,45.0463,11.6185,2.29321,2.47044,-1.51756,-0.252072,-0.140836,45.0463,11.6185,2.29321,2.47044,-1.51756,-0.252072,-0.140836,45.0463,
2.4,11.63,2.135,2.46205,-1.53344,-0.265825,-0.141313,45.0463,11.63,2.135,2.46205,-1.53344,-0.265825,-0.141313,45.0463,11.63,2.135,2.46205,-1.53344,-0.265825,-0.141313,45.0463,11.63,2.135,2.46205,-1.53344,-0.265825,-0.141313,45.0463,11.63,2.135,2.46205,-1.53344,-0.265825,-0.141313,45.0463,11.63,2.135,2.46205,-1.53344,-0.265825,-0.141313,45.0463,
2.5,11.629,2.135,2.45493,-1.53178,-0.277024,-0.141757,45.0463,11.629,2.135,2.45493,-1.53178,-0.277024,-0.141757,45.0463,11.629,2.135,2.45493,-1.53178,-0.277024,-0.141757,45.0463,11.629,2.135,2.45493,-1.53178,-0.277024,-0.141757,45.0463,11.629,2.135,2.45493,-1.53178,-0.277024,-0.141757,45.0463,11.629,2.135,2.45493,-1.53178,-0.277024,-0.141757,45.0463,
2.6,11.628,2.135,2.44761,-1.53007,-0.288546,-0.142236,45.0463,11.628,2.135,2.44761,-1.53007,-0.288546,-0.142236,45.0463,11.628,2.135,2.44761,-1.53007,-0.288546,-0.142236,45.0463,11.628,2.135,2.44761,-1.53007,-0.288546,-0.142236,45.0463,11.628,2.135,2.44761,-1.53007,-0.288546,-0.142236,45.0463,11.628,2.135,2.44761,-1.53007,-0.288546,-0.142236,45.0463,
2.7,11.627,2.135,2.44008,-1.52829,-0.300404,-0.142752,45.0463,11.627,2.135,2.44008,-1.52829,-0.300404,-0.142752,45.0463,11.627,2.135,2.44008,-1.52829,-0.300404,-0.142752,45.0463,11.627,2.135,2.44008,-1.52829,-0.300404,-0.142752,45.0463,11.627,2.135,2.44008,-1.52829,-0.300404,-0.142752,45.0463,11.627,2.135,2.44008,-1.52829,-0.300404,-0.142752,45.0463,
2.8,11.6259,2.135,2.43231,-1.52645,-0.312626,-0.143309,45.0463,11.6259,2.135,2.43231,-1.52645,-0.312626,-0.143309,45.0463,11.6259,2.135,2.43231,-1.52645,-0.312626,-0.143309,45.0463,11.6259,2.135,2.43231,-1.52645,-0.312626,-0.143309,45.0463,11.6259,2.135,2.43231,-1.52645,-0.312626,-0.143309,45.0463,11.6259,2.135,2.43231,-1.52645,-0.312626,-0.143309,45.0463,
2.9,11.6248,2.135,2.42433,-1.52453,-0.325182,-0.143908,45.0463,11.6248,2.135,2.42433,-1.52453,-0.325182,-0.143908,45.0463,11.6248,2.135,2.42433,-1.52453,-0.325182,-0.143908,45.0463,11.6248,2.135,2.42433,-1.52453,-0.325182,-0.143908,45.0463,11.6248,2.135,2.42433,-1.52453,-0.325182,-0.143908,45.0463,11.6248,2.135,2.42433,-1.52453,-0.325182,-0.143908,45.0463,
3,11.6237,2.135,2.41614,-1.52256,-0.33806,-0.144552,45.0463,11.6237,2.135,2.41614,-1.52256,-0.33806,-0.144552,45.0463,11.6237,2.135,2.41614,-1.52256,-0.33806,-0.144552,45.0463,11.6237,2.135,2.41614,-1.52256,-0.33806,-0.144552,45.0463,11.6237,2.135,2.41614,-1.52256,-0.33806,-0.144552,45.0463,11.6237,2.135,2.41614,-1.52256,-0.33806,-0.144552,45.0463,
3.1,11.6226,2.135,2.40775,-1.52051,-0.35126,-0.145244,45.0463,11.6226,2.135,2.40775,-1.52051,-0.35126,-0.145244,45.0463,11.6226,2.135,2.40775,-1.52051,-0.35126,-0.145244,45.0463,11.6226,2.135,2.40775,-1.52051,-0.35126,-0.145244,45.0463,11.6226,2.135,2.40775,-1.52051,-0.35126,-0.145244,45.0463,11.6226,2.135,2.40775,-1.52051,-0.35126,-0.145244,45.0463,
3.2,11.6214,2.135,2.39915,-1.51839,-0.364781,-0.145986,45.0463,11.6214,2.135,2.39915,-1.51839,-0.364781,-0.145986,45.0463,11.6214,2.135,2.39915,-1.51839,-0.364781,-0.145986,45.0463,11.6214,2.135,2.39915,-1.51839,-0.364781,-0.145986,45.0463,11.6214,2.135,2.39915,-1.51839,-0.364781,-0.145986,45.0463,11.6214,2.135,2.39915,-1.51839,-0.364781,-0.145986,45.0463,
3.3,11.6202,2.135,2.39035,-1.5162,-0.378623,-0.146781,45.0463,11.6202,2.135,2.39035,-1.5162,-0.378623,-0.146781,45.0463,11.6202,2.135,2.39035,-1.5162,-0.378623,-0.146781,45.0463,11.6202,2.135,2.39035,-1.5162,-0.378623,-0.146781,45.0463,11.6202,2.135,2.39035,-1.5162,-0.378623,-0.146781,45.0463,11.6202,2.135,2.39035,-1.5162,-0.378623,-0.146781,45.0463,
3.4,11.6189,2.135,2.38134,-1.51393,-0.392796,-0.147634,45.0463,11.6189,2.135,2.38134,-1.51393,-0.392796,-0.147634,45.0463,11.6189,2.135,2.38134,-1.51393,-0.392796,-0.147634,45.0463,11.6189,2.135,2.38134,-1.51393,-0.392796,-0.147634,45.0463,11.6189,2.135,2.38134,-1.51393,-0.392796,-0.147634,45.0463,11.6189,2.135,2.38134,-1.51393,-0.392796,-0.147634,45.0463,
3.5,11.6177,2.135,2.37211,-1.51158,-0.407311,-0.14855,45.0463,11.6177,2.135,2.37211,-1.51158,-0.407311,-0.14855,45.0463,11.6177,2.135,2.37211,-1.51158,-0.407311,-0.14855,45.0463,11.6177,2.135,2.37211,-1.51158,-0.407311,-0.14855,45.0463,11.6177,2.135,2.37211,-1.51158,-0.407311,-0.14855,45.0463,11.6177,2.135,2.37211,-1.51158,-0.407311,-0.14855,45.0463,
3.6,11.6164,2.135,2.36264,-1.50914,-0.422192,-0.149534,45.0463,11.6164,2.135,2.36264,-1.50914,-0.422192,-0.149534,45.0463,11.6164,2.135,2.36264,-1.50914,-0.422192,-0.149534,45.0463,11.6164,2.135,2.36264,-1.50914,-0.422192,-0.149534,45.0463,11.6164,2.135,2.36264,-1.50914,-0.422192,-0.149534,45.0463,11.6164,2.135,2.36264,-1.50914,-0.422192,-0.149534,45.0463,
3.7,11.615,2.135,2.35295,-1.50661,-0.437424,-0.15059,45.0463,11.615,2.135,2.35295,-1.50661,-0.437424,-0.15059,45.0463,11.615,2.135,2.35295,-1.50661,-0.437424,-0.15059,45.0463,11.615,2.135,2.35295,-1.50661,-0.437424,-0.15059,45.0463,11.615,2.135,2.35295,-1.50661,-0.437424,-0.15059,45.0463,11.615,2.135,2.35295,-1.50661,-0.437424,-0.15059,45.0463,
3.8,11.6137,2.135,2.34303,-1.50398,-0.453006,-0.151722,45.0463,11.6137,2.135,2.34303,-1.50398,-0.453006,-0.151722,45.0463,11.6137,2.135,2.34303,-1.50398,-0.453006,-0.151722,45.0463,11.6137,2.135,2.34303,-1.50398,-0.453006,-0.151722,45.0463,11.6137,2.135,2.34303,-1.50398,-0.453006,-0.151722,45.0463,11.6137,2.135,2.34303,-1.50398,-0.453006,-0.151722,45.0463,
3.9,11.6123,2.135,2.33291,-1.50125,-0.468917,-0.152935,45.0463,11.6123,2.135,2.33291,-1.50125,-0.468917,-0.152935,45.0463,11.6123,2.135,2.33291,-1.50125,-0.468917,-0.152935,45.0463,11.6123,2.135,2.33291,-1.50125,-0.468917,-0.152935,45.0463,11.6123,2.135,2.33291,-1.50125,-0.468917,-0.152935,45.0463,11.6123,2.135,2.33291,-1.50125,-0.468917,-0.152935,45.0463,
4,11.6109,2.135,2.32257,-1.49842,-0.485157,-0.154235,45.0463,11.6109,2.135,2.32257,-1.49842,-0.485157,-0.154235,45.0463,11.6109,2.135,2.32257,-1.49842,-0.485157,-0.154235,45.0463,11.6109,2.135,2.32257,-1.49842,-0.485157,-0.154235,45.0463,11.6109,2.135,2.32257,-1.49842,-0.485157,-0.154235,45.0463,11.6109,2.135,2.32257,-1.49842,-0.485157,-0.154235,45.0463,
4.1,11.6094,2.135,2.31202,-1.49548,-0.501731,-0.155627,45.0463,11.6094,2.135,2.31202,-1.49548,-0.501731,-0.155627,45.0463,11.6094,2.135,2.31202,-1.49548,-0.501731,-0.155627,45.0463,11.6094,2.135,2.31202,-1.49548,-0.501731,-0.155627,45.0463,11.6094,2.135,2.31202,-1.49548,-0.501731,-0.155627,45.0463,11.6094,2.135,2.31202,-1.49548,-0.501731,-0.155627,45.0463,
4.2,11.608,2.135,2.30125,-1.49243,-0.518638,-0.157119,45.0463,11.608,2.135,2.30125,-1.49243,-0.518638,-0.157119,45.0463,11.608,2.135,2.30125,-1.49243,-0.518638,-0.157119,45.0463,11.608,2.135,2.30125,-1.49243,-0.518638,-0.157119,45.0463,11.608,2.135,2.30125,-1.49243,-0.518638,-0.157119,45.0463,11.608,2.135,2.30125,-1.49243,-0.518638,-0.157119,45.0463,
4.3,11.6064,2.135,2.29026,-1.48925,-0.535887,-0.158718,45.0463,11.6064,2.135,2.29026,-1.48925,-0.535887,-0.158718,45.0463,11.6064,2.135,2.29026,-1.48925,-0.535887,-0.158718,45.0463,11.6064,2.135,2.29026,-1.48925,-0.535887,-0.158718,45.0463,11.6064,2.135,2.29026,-1.48925,-0.535887,-0.158718,45.0463,11.6064,2.135,2.29026,-1.48925,-0.535887,-0.158718,45.0463,
4.4,11.6057,2.135,2.28475,-1.48763,-0.544537,-0.159551,45.0463,11.6057,2.135,2.28475,-1.48763,-0.544537,-0.159551,45.0463,11.6057,2.135,2.28475,-1.48763,-0.544537,-0.159551,45.0463,11.6057,2.135,2.28475,-1.48763,-0.544537,-0.159551,45.0463,11.6057,2.135,2.28475,-1.48763,-0.544537,-0.159551,45.0463,11.6057,2.135,2.28475,-1.48763,-0.544537,-0.159551,45.0463,
4.5,11.6057,2.135,2.28475,-1.48763,-0.544537,-0.159551,45.0463,11.6057,2.135,2.28475,-1.48763,-0.544537,-0.159551,45.0463,11.6057,2.135,2.28475,-1.48763,-0.544537,-0.159551,45.0463,11.6057,2.135,2.28475,-1.48763,-0.544537,-0.159551,45.0463,11.6057,2.135,2.28475,-1.48763,-0.544537,-0.159551,45.0463,11.6057,2.135,2.28475,-1.48763,-0.544537,-0.159551,45.0463,
4.6,11.6057,2.135,2.28475,-1.48763,-0.544537,-0.159551,45.0463,11.6057,2.135,2.28475,-1.48763,-0.544537,-0.159551,45.0463,11.6057,2.135,2.28475,-1.48763,-0.544537,-0.159551,45.0463,11.6057,2.135,2.28475,-1.48763,-0.544537,-0.159551,45.0463,11.6057,2.135,2.28475,-1.48763,-0.544537,-0.159551,45.0463,11.6057,2.135,2.28475,-1.48763,-0.544537,-0.159551,45.0463,
4.7,11.6057,2.135,2.28475,-1.48763,-0.544537,-0.159551,45.0463,11.6057,2.135,2.28475,-1.48763,-0.544537,-0.159551,45.0463,11.6057,2.135,2.28475,-1.48763,-0.544537,-0.159551,45.0463,11.6057,2.135,2.28475,-1.48763,-0.544537,-0.159551,45.0463,11.6057,2.135,2.28475,-1.48763,-0.544537,-0.159551,45.0463,11.6057,2.135,2.28475,-1.48763,-0.544537,-0.159551,45.0463,
4.8,11.6057,2.135,2.28475,-1.48763,-0.544537,-0.159551,45.0463,11.6057,2.135,2.28475,-1.48763,-0.544537,-0.159551,45.0463,11.6057,2.135,2.28475,-1.48763,-0.544537,-0.159551,45.0463,11.6057,2.135,2.28475,-1.48763,-0.544537,-0.159551,45.0463,11.6057,2.135,2.28475,-1.48763,-0.544537,-0.159551,45.0463,11.6057,2.135,2.28475,-1.48763,-0.544537,-0.159551,45.0463,
4.9,11.6057,2.135,2.28475,-1.48763,-0.544537,-0.159551,45.0463,11.6057,2.135,2.28475,-1.48763,-0.544537,-0.159551,45.0463,11.6057,2.135,2.28475,-1.48763,-0.544537,-0.159551,45.0463,11.6057,2.135,2.28475,-1.48763,-0.544537,-0.159551,45.0463,11.6057,2.135,2.28475,-1.48763,-0.544537,-0.159551,45.0463,11.6057,2.135,2.28475,-1.48763,-0.544537,-0.159551,45.0463,
5,11.6057,2.135,2.28475,-1.48763,-0.544537,-0.159551,45.0463,11.6057,2.135,2.28475,-1.48763,-0.544537,-0.159551,45.0463,11.6057,2.135,2.28475,-1.48763,-0.544537,-0.159551,45.0463,11.6057,2.135,2.28475,-1.48763,-0.544537,-0.159551,45.0463,11.6057,2.135,2.28475,-1.48763,-0.544537,-0.159551,45.0463,11.6057,2.135,2.28475,-1.48763,-0.544537,-0.159551,45.0463,
5.1,11.6057,2.135,2.28475,-1.48763,-0.544537,-0.159551,45.0463,11.6057,2.135,2.28475,-1.48763,-0.544537,-0.159551,45.0463,11.6057,2.135,2.28475,-1.48763,-0.544537,-0.159551,45.0463,11.6057,2.135,2.28475,-1.48763,-0.544537,-0.159551,45.0463,11.6057,2.135,2.28475,-1.48763,-0.544537,-0.159551,45.0463,11.6057,2.135,2.28475,-1.48763,-0.544537,-0.159551,45.0463,
5.2,11.6057,2.135,2.28475,-1.48763,-0.544537,-0.159551,45.0463,11.6057,2.135,2.28475,-1.48763,-0.544537,-0.159551,45.0463,11.6057,2.135,2.28475,-1.48763,-0.544537,-0.159551,45.0463,11.6057,2.135,2.28475,-1.48763,-0.544537,-0.159551,45.0463,11.6057,2.135,2.28475,-1.48763,-0.544537,-0.159551,45.0463,11.6057,2.135,2.28475,-1.48763,-0.544537,-0.159551,45.0463,
5.3,11.6057,2.135,2.28475,-1.48763,-0.544537,-0.159551,45.0463,11.6057,2.135,2.28475,-1.48763,-0.544537,-0.159551,45.0463,11.6057,2.135,2.28475,-1.48763,-0.544537,-0.159551,45.0463,11.6057,2.135,2.28475,-1.48763,-0.544537,-0.159551,45.0463,11.6057,2.135,2.28475,-1.48763,-0.544537,-0.159551,45.0463,11.6057,2.135,2.28475,-1.48763,-0.544537,-0.159551,45.0463,
5.4,11.6057,2.135,2.28475,-1.48763,-0.544537,-0.159551,45.0463,11.6057,2.135,2.28475,-1.48763,-0.544537,-0.159551,45.0463,11.6057,2.135,2.28475,-1.48763,-0.544537,-0.159551,45.0463,11.6057,2.135,2.28475,-1.48763,-0.544537,-0.159551,45.0463,11.6057,2.135,2.28475,-1.48763,-0.544537,-0.159551,45.0463,11.6057,2.135,2.28475,-1.48763,-0.544537,-0.159551,45.0463,
5.5,11.6679,2.24382,2.323,-1.48763,-0.544537,-0.159551,45.0463,11.6679,2.24382,2.323,-1.48763,-0.544537,-0.159551,45.0463,11.6679,2.24382,2.323,-1.48763,-0.544537,-0.159551,45.0463,11.6679,2.24382,2.323,-1.48763,-0.544537,-0.159551,45.0463,11.6679,2.24382,2.323,-1.48763,-0.544537,-0.159551,45.0463,11.6679,2.24382,2.323,-1.48763,-0.544537,-0.159551,45.0463,
5.6,11.6464,3.03196,2.50756,-1.48763,-0.544537,-0.159551,45.0463,11.6464,3.03196,2.50756,-1.48763,-0.544537,-0.159551,45.0463,11.6464,3.03196,2.50756,-1.48763,-0.544537,-0.159551,45.0463,11.6464,3.03196,2.50756,-1.48763,-0.544537,-0.159551,45.0463,11.6464,3.03196,2.50756,-1.48763,-0.544537,-0.159551,45.0463,11.6464,3.03196,2.50756,-1.48763,-0.544537,-0.159551,45.0463,
5.7,11.2017,4.64453,2.71507,-1.48763,-0.544538,-0.159551,45.0463,11.2017,4.64453,2.71507,-1.48763,-0.544538,-0.159551,45.0463,11.2017,4.64453,2.71507,-1.48763,-0.544538,-0.159551,45.0463,11.2017,4.64453,2.71507,-1.48763,-0.544538,-0.159551,45.0463,11.2017,4.64453,2.71507,-1.48763,-0.544538,-0.159551,45.0463,11.2017,4.64453,2.71507,-1.48763,-0.544538,-0.159551,45.0463,
5.8,10.3864,6.58673,2.73568,-1.4876,-0.544534,-0.159549,45.0463,10.3864,6.58673,2.73568,-1.4876,-0.544534,-0.159549,45.0463,10.3864,6.58673,2.73568,-1.4876,-0.544534,-0.159549,45.0463,10.3864,6.58673,2.73568,-1.4876,-0.544534,-0.159549,45.0463,10.3864,6.58673,2.73568,-1.4876,-0.544534,-0.159549,45.0463,10.3864,6.58673,2.73568,-1.4876,-0.544534,-0.159549,45.0463,
5.9,9.53437,8.62496,2.56876,-1.48763,-0.544537,-0.159551,45.0463,9.53437,8.62496,2.56876,-1.48763,-0.544537,-0.159551,45.0463,9.53437,8.62496,2.56876,-1.48763,-0.544537,-0.159551,45.0463,9.53437,8.62496,2.56876,-1.48763,-0.544537,-0.159551,45.0463,9.53437,8.62496,2.56876,-1.48763,-0.544537,-0.159551,45.0463,9.53437,8.62496,2.56876,-1.48763,-0.544537,-0.159551,45.0463,
6,8.8327,10.1537,2.34457,-1.48763,-0.544537,-0.159551,45.0463,8.8327,10.1537,2.34457,-1.48763,-0.544537,-0.159551,45.0463,8.8327,10.1537,2.34457,-1.48763,-0.544537,-0.159551,45.0463,8.8327,10.1537,2.34457,-1.48763,-0.544537,-0.159551,45.0463,8.8327,10.1537,2.34457,-1.48763,-0.544537,-0.159551,45.0463,8.8327,10.1537,2.34457,-1.48763,-0.544537,-0.159551,45.0463,
6.1,8.00467,11.7993,1.97168,-1.48762,-0.544536,-0.159554,45.0463,8.00467,11.7993,1.97168,-1.48762,-0.544536,-0.159554,45.0463,8.00467,11.7993,1.97168,-1.48762,-0.544536,-0.159554,45.0463,8.00467,11.7993,1.97168,-1.48762,-0.544536,-0.159554,45.0463,8.00467,11.7993,1.97168,-1.48762,-0.544536,-0.159554,45.0463,8.00467,11.7993,1.97168,-1.48762,-0.544536,-0.159554,45.0463,
6.2,7.25387,13.1991,1.57859,-1.48762,-0.544536,-0.159555,45.0463,7.25387,13.1991,1.57859,-1.48762,-0.544536,-0.159555,45.0463,7.25387,13.1991,1.57859,-1.48762,-0.544536,-0.159555,45.0463,7.25387,13.1991,1.57859,-1.48762,-0.544536,-0.159555,45.0463,7.25387,13.1991,1.57859,-1.48762,-0.544536,-0.159555,45.0463,7.25387,13.1991,1.57859,-1.48762,-0.544536,-0.159555,45.0463,
6.3,6.62385,14.2559,1.25026,-1.48763,-0.544537,-0.159551,45.0463,6.62385,14.2559,1.25026,-1.48763,-0.544537,-0.159551,45.0463,6.62385,14.2559,1.25026,-1.48763,-0.544537,-0.159551,45.0463,6.62385,14.2559,1.25026,-1.48763,-0.544537,-0.159551,45.0463,6.62385,14.2559,1.25026,-1.48763,-0.544537,-0.159551,45.0463,6.62385,14.2559,1.25026,-1.48763,-0.544537,-0.159551,45.0463,
6.4,6.02721,15.1468,0.935872,-1.48763,-0.544537,-0.159551,45.0463,6.02721,15.1468,0.935872,-1.48763,-0.544537,-0.159551,45.0463,6.02721,15.1468,0.935872,-1.48763,-0.544537,-0.159551,45.0463,6.02721,15.1468,0.935872,-1.48763,-0.544537,-0.159551,45.0463,6.02721,15.1468,0.935872,-1.48763,-0.544537,-0.159551,45.0463,6.02721,15.1468,0.935872,-1.48763,-0.544537,-0.159551,45.0463,
6.5,5.70684,15.702,0.774338,-1.48763,-0.544537,-0.159551,45.0463,5.70684,15.702,0.774338,-1.48763,-0.544537,-0.159551,45.0463,5.70684,15.702,0.774338,-1.48763,-0.544537,-0.159551,45.0463,5.70684,15.702,0.774338,-1.48763,-0.544537,-0.159551,45.0463,5.70684,15.702,0.774338,-1.48763,-0.544537,-0.159551,45.0463,5.70684,15.702,0.774338,-1.48763,-0.544537,-0.159551,45.0463,
6.6,5.70684,15.702,0.774338,-1.48763,-0.544537,-0.159551,45.0463,5.70684,15.702,0.774338,-1.48763,-0.544537,-0.159551,45.0463,5.70684,15.702,0.774338,-1.48763,-0.544537,-0.159551,45.0463,5.70684,15.702,0.774338,-1.48763,-0.544537,-0.159551,45.0463,5.70684,15.702,0.774338,-1.48763,-0.544537,-0.159551,45.0463,5.70684,15.702,0.774338,-1.48763,-0.544537,-0.159551,45.0463,
6.7,5.70684,15.702,0.774338,-1.48763,-0.544537,-0.159551,45.0463,5.70684,15.702,0.774338,-1.48763,-0.544537,-0.159551,45.0463,5.70684,15.702,0.774338,-1.48763,-0.544537,-0.159551,45.0463,5.70684,15.702,0.774338,-1.48763,-0.544537,-0.159551,45.0463,5.70684,15.702,0.774338,-1.48763,-0.544537,-0.159551,45.0463,5.70684,15.702,0.774338,-1.48763,-0.544537,-0.159551,45.0463,
6.8,5.16549,16.5177,0.544681,-1.48764,-0.544539,-0.159551,45.0463,5.16549,16.5177,0.544681,-1.48764,-0.544539,-0.159551,45.0463,5.16549,16.5177,0.544681,-1.48764,-0.544539,-0.159551,45.0463,5.16549,16.5177,0.544681,-1.48764,-0.544539,-0.159551,45.0463,5.16549,16.5177,0.544681,-1.48764,-0.544539,-0.159551,45.0463,5.16549,16.5177,0.544681,-1.48764,-0.544539,-0.159551,45.0463,
6.9,5.16549,15.5056,0.544673,-1.48766,-0.544542,-0.159553,45.0463,5.16549,15.5056,0.544673,-1.48766,-0.544542,-0.159553,45.0463,5.16549,15.5056,0.544673,-1.48766,-0.544542,-0.159553,45.0463,5.16549,15.5056,0.544673,-1.48766,-0.544542,-0.159553,45.0463,5.16549,15.5056,0.544673,-1.48766,-0.544542,-0.159553,45.0463,5.16549,15.5056,0.544673,-1.48766,-0.544542,-0.159553,45.0463,
7,5.1655,13.5125,0.544665,-1.48768,-0.544545,-0.159554,45.0463,5.1655,13.5125,0.544665,-1.48768,-0.544545,-0.159554,45.0463,5.1655,13.5125,0.544665,-1.48768,-0.544545,-0.159554,45.0463,5.1655,13.5125,0.544665,-1.48768,-0.544545,-0.159554,45.0463,5.1655,13.5125,0.544665,-1.48768,-0.544545,-0.159554,45.0463,5.1655,13.5125,0.544665,-1.48768,-0.544545,-0.159554,45.0463,
7.1,5.16551,10.5383,0.544657,-1.4877,-0.544547,-0.159556,45.0463,5.16551,10.5383,0.544657,-1.4877,-0.544547,-0.159556,45.0463,5.16551,10.5383,0.544657,-1.4877,-0.544547,-0.159556,45.0463,5.16551,10.5383,0.544657,-1.4877,-0.544547,-0.159556,45.0463,5.16551,10.5383,0.544657,-1.4877,-0.544547,-0.159556,45.0463,5.16551,10.5383,0.544657,-1.4877,-0.544547,-0.159556,45.0463,
7.2,5.16552,6.58323,0.544649,-1.48772,-0.54455,-0.159557,45.0463,5.16552,6.58323,0.544649,-1.48772,-0.54455,-0.159557,45.0463,5.16552,6.58323,0.544649,-1.48772,-0.54455,-0.159557,45.0463,5.16552,6.58323,0.544649,-1.48772,-0.54455,-0.159557,45.0463,5.16552,6.58323,0.544649,-1.48772,-0.54455,-0.159557,45.0463,5.16552,6.58323,0.544649,-1.48772,-0.54455,-0.159557,45.0463,
7.3,5.16731,2.17488,0.544282,-1.49093,-0.544975,-0.15961,45.0463,5.16731,2.17488,0.544282,-1.49093,-0.544975,-0.15961,45.0463,5.16731,2.17488,0.544282,-1.49093,-0.544975,-0.15961,45.0463,5.16731,2.17488,0.544282,-1.49093,-0.544975,-0.15961,45.0463,5.16731,2.17488,0.544282,-1.49093,-0.544975,-0.15961,45.0463,5.16731,2.17488,0.544282,-1.49093,-0.544975,-0.15961,45.0463,
7.4,5.17171,2.22498,0.542698,-1.50227,-0.547107,-0.159787,45.0463,5.17171,2.22498,0.542698,-1.50227,-0.547107,-0.159787,45.0463,5.17171,2.22498,0.542698,-1.50227,-0.547107,-0.159787,45.0463,5.17171,2.22498,0.542698,-1.50227,-0.547107,-0.159787,45.0463,5.17171,2.22498,0.542698,-1.50227,-0.547107,-0.159787,45.0463,5.17171,2.22498,0.542698,-1.50227,-0.547107,-0.159787,45.0463,
7.5,5.16129,2.135,0.543199,-1.4874,-0.545916,-0.159623,45.0463,5.16129,2.135,0.543199,-1.4874,-0.545916,-0.159623,45.0463,5.16129,2.135,0.543199,-1.4874,-0.545916,-0.159623,45.0463,5.16129,2.135,0.543199,-1.4874,-0.545916,-0.159623,45.0463,5.16129,2.135,0.543199,-1.4874,-0.545916,-0.159623,45.0463,5.16129,2.135,0.543199,-1.4874,-0.545916,-0.159623,45.0463,
7.6,5.16117,2.135,0.542307,-1.48714,-0.547315,-0.15976,45.0463,5.16117,2.135,0.542307,-1.48714,-0.547315,-0.15976,45.0463,5.16117,2.135,0.542307,-1.48714,-0.547315,-0.15976,45.0463,5.16117,2.135,0.542307,-1.48714,-0.547315,-0.15976,45.0463,5.16117,2.135,0.542307,-1.48714,-0.547315,-0.15976,45.0463,5.16117,2.135,0.542307,-1.48714,-0.547315,-0.15976,45.0463,
7.7,5.16102,2.135,0.541232,-1.48682,-0.549003,-0.159926,45.0463,5.16102,2.135,0.541232,-1.48682,-0.549003,-0.159926,45.0463,5.16102,2.135,0.541232,-1.48682,-0.549003,-0.159926,45.0463,5.16102,2.135,0.541232,-1.48682,-0.549003,-0.159926,45.0463,5.16102,2.135,0.541232,-1.48682,-0.549003,-0.159926,45.0463,5.16102,2.135,0.541232,-1.48682,-0.549003,-0.159926,45.0463,
7.8,5.16085,2.135,0.53996,-1.48644,-0.550999,-0.160124,45.0463,5.16085,2.135,0.53996,-1.48644,-0.550999,-0.160124,45.0463,5.16085,2.135,0.53996,-1.48644,-0.550999,-0.160124,45.0463,5.16085,2.135,0.53996,-1.48644,-0.550999,-0.160124,45.0463,5.16085,2.135,0.53996,-1.48644,-0.550999,-0.160124,45.0463,5.16085,2.135,0.53996,-1.48644,-0.550999,-0.160124,45.0463,
7.9,5.16065,2.135,0.538488,-1.486,-0.553309,-0.160354,45.0463,5.16065,2.135,0.538488,-1.486,-0.553309,-0.160354,45.0463,5.16065,2.135,0.538488,-1.486,-0.553309,-0.160354,45.0463,5.16065,2.135,0.538488,-1.486,-0.553309,-0.160354,45.0463,5.16065,2.135,0.538488,-1.486,-0.553309,-0.160354,45.0463,5.16065,2.135,0.538488,-1.486,-0.553309,-0.160354,45.0463,
8,5.16042,2.135,0.536813,-1.4855,-0.555938,-0.160617,45.0463,5.16042,2.135,0.536813,-1.4855,-0.555938,-0.160617,45.0463,5.16042,2.135,0.536813,-1.4855,-0.555938,-0.160617,45.0463,5.16042,2.135,0.536813,-1.4855,-0.555938,-0.160617,45.0463,5.16042,2.135,0.536813,-1.4855,-0.555938,-0.160617,45.0463,5.16042,2.135,0.536813,-1.4855,-0.555938,-0.160617,45.0463,
8.1,5.16016,2.135,0.534943,-1.48494,-0.558873,-0.160914,45.0463,5.16016,2.135,0.534943,-1.48494,-0.558873,-0.160914,45.0463,5.16016,2.135,0.534943,-1.48494,-0.558873,-0.160914,45.0463,5.16016,2.135,0.534943,-1.48494,-0.558873,-0.160914,45.0463,5.16016,2.135,0.534943,-1.48494,-0.558873,-0.160914,45.0463,5.16016,2.135,0.534943,-1.48494,-0.558873,-0.160914,45.0463,
8.2,5.15988,2.135,0.532879,-1.48432,-0.562111,-0.161244,45.0463,5.15988,2.135,0.532879,-1.48432,-0.562111,-0.161244,45.0463,5.15988,2.135,0.532879,-1.48432,-0.562111,-0.161244,45.0463,5.15988,2.135,0.532879,-1.48432,-0.562111,-0.161244,45.0463,5.15988,2.135,0.532879,-1.48432,-0.562111,-0.161244,45.0463,5.15988,2.135,0.532879,-1.48432,-0.562111,-0.161244,45.0463,
8.3,5.15957,2.135,0.530653,-1.48365,-0.565605,-0.161604,45.0463,5.15957,2.135,0.530653,-1.48365,-0.565605,-0.161604,45.0463,5.15957,2.135,0.530653,-1.48365,-0.565605,-0.161604,45.0463,5.15957,2.135,0.530653,-1.48365,-0.565605,-0.161604,45.0463,5.15957,2.135,0.530653,-1.48365,-0.565605,-0.161604,45.0463,5.15957,2.135,0.530653,-1.48365,-0.565605,-0.161604,45.0463,
8.4,5.15924,2.135,0.528245,-1.48292,-0.569382,-0.161997,45.0463,5.15924,2.135,0.528245,-1.48292,-0.569382,-0.161997,45.0463,5.15924,2.135,0.528245,-1.48292,-0.569382,-0.161997,45.0463,5.15924,2.135,0.528245,-1.48292,-0.569382,-0.161997,45.0463,5.15924,2.135,0.528245,-1.48292,-0.569382,-0.161997,45.0463,5.15924,2.135,0.528245,-1.48292,-0.569382,-0.161997,45.0463,
8.5,5.15889,2.135,0.525661,-1.48213,-0.573437,-0.162424,45.0463,5.15889,2.135,0.525661,-1.48213,-0.573437,-0.162424,45.0463,5.15889,2.135,0.525661,-1.48213,-0.573437,-0.162424,45.0463,5.15889,2.135,0.525661,-1.48213,-0.573437,-0.162424,45.0463,5.15889,2.135,0.525661,-1.48213,-0.573437,-0.162424,45.0463,5.15889,2.135,0.525661,-1.48213,-0.573437,-0.162424,45.0463,
8.6,5.15851,2.135,0.522901,-1.48128,-0.577767,-0.162885,45.0463,5.15851,2.135,0.522901,-1.48128,-0.577767,-0.162885,45.0463,5.15851,2.135,0.522901,-1.48128,-0.577767,-0.162885,45.0463,5.15851,2.135,0.522901,-1.48128,-0.577767,-0.162885,45.0463,5.15851,2.135,0.522901,-1.48128,-0.577767,-0.162885,45.0463,5.15851,2.135,0.522901,-1.48128,-0.577767,-0.162885,45.0463,
8.7,5.15811,2.135,0.519988,-1.48038,-0.582336,-0.163378,45.0463,5.15811,2.135,0.519988,-1.48038,-0.582336,-0.163378,45.0463,5.15811,2.135,0.519988,-1.48038,-0.582336,-0.163378,45.0463,5.15811,2.135,0.519988,-1.48038,-0.582336,-0.163378,45.0463,5.15811,2.135,0.519988,-1.48038,-0.582336,-0.163378,45.0463,5.15811,2.135,0.519988,-1.48038,-0.582336,-0.163378,45.0463,
8.8,5.15769,2.135,0.516898,-1.47942,-0.587182,-0.163907,45.0463,5.15769,2.135,0.516898,-1.47942,-0.587182,-0.163907,45.0463,5.15769,2.135,0.516898,-1.47942,-0.587182,-0.163907,45.0463,5.15769,2.135,0.516898,-1.47942,-0.587182,-0.163907,45.0463,5.15769,2.135,0.516898,-1.47942,-0.587182,-0.163907,45.0463,5.15769,2.135,0.516898,-1.47942,-0.587182,-0.163907,45.0463,
8.9,5.15724,2.135,0.513628,-1.4784,-0.59231,-0.164476,45.0463,5.15724,2.135,0.513628,-1.4784,-0.59231,-0.164476,45.0463,5.15724,2.135,0.513628,-1.4784,-0.59231,-0.164476,45.0463,5.15724,2.135,0.513628,-1.4784,-0.59231,-0.164476,45.0463,5.15724,2.135,0.513628,-1.4784,-0.59231,-0.164476,45.0463,5.15724,2.135,0.513628,-1.4784,-0.59231,-0.164476,45.0463,
9,5.15676,2.135,0.510168,-1.47731,-0.597736,-0.165087,45.0463,5.15676,2.135,0.510168,-1.47731,-0.597736,-0.165087,45.0463,5.15676,2.135,0.510168,-1.47731,-0.597736,-0.165087,45.0463,5.15676,2.135,0.510168,-1.47731,-0.597736,-0.165087,45.0463,5.15676,2.135,0.510168,-1.47731,-0.597736,-0.165087,45.0463,5.15676,2.135,0.510168,-1.47731,-0.597736,-0.165087,45.0463,
9.1,5.15627,2.135,0.506539,-1.47616,-0.603425,-0.165737,45.0463,5.15627,2.135,0.506539,-1.47616,-0.603425,-0.165737,45.0463,5.15627,2.135,0.506539,-1.47616,-0.603425,-0.165737,45.0463,5.15627,2.135,0.506539,-1.47616,-0.603425,-0.165737,45.0463,5.15627,2.135,0.506539,-1.47616,-0.603425,-0.165737,45.0463,5.15627,2.135,0.506539,-1.47616,-0.603425,-0.165737,45.0463,
9.2,5.15574,2.135,0.502733,-1.47494,-0.609393,-0.166431,45.0463,5.15574,2.135,0.502733,-1.47494,-0.609393,-0.166431,45.0463,5.15574,2.135,0.502733,-1.47494,-0.609393,-0.166431,45.0463,5.15574,2.135,0.502733,-1.47494,-0.609393,-0.166431,45.0463,5.15574,2.135,0.502733,-1.47494,-0.609393,-0.166431,45.0463,5.15574,2.135,0.502733,-1.47494,-0.609393,-0.166431,45.0463,
9.3,5.1552,2.135,0.498769,-1.47366,-0.615607,-0.167166,45.0463,5.1552,2.135,0.498769,-1.47366,-0.615607,-0.167166,45.0463,5.1552,2.135,0.498769,-1.47366,-0.615607,-0.167166,45.0463,5.1552,2.135,0.498769,-1.47366,-0.615607,-0.167166,45.0463,5.1552,2.135,0.498769,-1.47366,-0.615607,-0.167166,45.0463,5.1552,2.135,0.498769,-1.47366,-0.615607,-0.167166,45.0463,
9.4,5.15463,2.135,0.494645,-1.47232,-0.622071,-0.167945,45.0463,5.15463,2.135,0.494645,-1.47232,-0.622071,-0.167945,45.0463,5.15463,2.135,0.494645,-1.47232,-0.622071,-0.167945,45.0463,5.15463,2.135,0.494645,-1.47232,-0.622071,-0.167945,45.0463,5.15463,2.135,0.494645,-1.47232,-0.622071,-0.167945,45.0463,5.15463,2.135,0.494645,-1.47232,-0.622071,-0.167945,45.0463,
9.5,5.15448,2.135,0.493532,-1.47196,-0.623815,-0.168157,45.0463,5.15448,2.135,0.493532,-1.47196,-0.623815,-0.168157,45.0463,5.15448,2.135,0.493532,-1.47196,-0.623815,-0.168157,45.0463,5.15448,2.135,0.493532,-1.47196,-0.623815,-0.168157,45.0463,5.15448,2.135,0.493532,-1.47196,-0.623815,-0.168157,45.0463,5.15448,2.135,0.493532,-1.47196,-0.623815,-0.168157,45.0463,
9.6,5.15448,2.135,0.493532,-1.47196,-0.623815,-0.168157,45.0463,5.15448,2.135,0.493532,-1.47196,-0.623815,-0.168157,45.0463,5.15448,2.135,0.493532,-1.47196,-0.623815,-0.168157,45.0463,5.15448,2.135,0.493532,-1.47196,-0.623815,-0.168157,45.0463,5.15448,2.135,0.493532,-1.47196,-0.623815,-0.168157,45.0463,5.15448,2.135,0.493532,-1.47196,-0.623815,-0.168157,45.0463,
9.7,5.15448,2.135,0.493532,-1.47196,-0.623815,-0.168157,45.0463,5.15448,2.135,0.493532,-1.47196,-0.623815,-0.168157,45.0463,5.15448,2.135,0.493532,-1.47196,-0.623815,-0.168157,45.0463,5.15448,2.135,0.493532,-1.47196,-0.623815,-0.168157,45.0463,5.15448,2.135,0.493532,-1.47196,-0.623815,-0.168157,45.0463,5.15448,2.135,0.493532,-1.47196,-0.623815,-0.168157,45.0463,
9.8,5.15448,2.135,0.493532,-1.47196,-0.623815,-0.168157,45.0463,5.15448,2.135,0.493532,-1.47196,-0.623815,-0.168157,45.0463,5.15448,2.135,0.493532,-1.47196,-0.623815,-0.168157,45.0463,5.15448,2.135,0.493532,-1.47196,-0.623815,-0.168157,45.0463,5.15448,2.135,0.493532,-1.47196,-0.623815,-0.168157,45.0463,5.15448,2.135,0.493532,-1.47196,-0.623815,-0.168157,45.0463,
9.9,5.15448,2.135,0.493532,-1.47196,-0.623815,-0.168157,45.0463,5.15448,2.135,0.493532,-1.47196,-0.623815,-0.168157,45.0463,5.15448,2.135,0.493532,-1.47196,-0.623815,-0.168157,45.0463,5.15448,2.135,0.493532,-1.47196,-0.623815,-0.168157,45.0463,5.15448,2.135,0.493532,-1.47196,-0.623815,-0.168157,45.0463,5.15448,2.135,0.493532,-1.47196,-0.623815,-0.168157,45.0463,
10,5.15448,2.135,0.493532,-1.47196,-0.623815,-0.168157,45.0463,5.15448,2.135,0.493532,-1.47196,-0.623815,-0.168157,45.0463,5.15448,2.135,0.493532,-1.47196,-0.623815,-0.168157,45.0463,5.15448,2.135,0.493532,-1.47196,-0.623815,-0.168157,45.0463,5.15448,2.135,0.493532,-1.47196,-0.623815,-0.168157,45.0463,5.15448,2.135,0.493532,-1.47196,-0.623815,-0.168157,45.0463,
10.1,5.15448,2.135,0.493532,-1.47196,-0.623815,-0.168157,45.0463,5.15448,2.135,0.493532,-1.47196,-0.623815,-0.168157,45.0463,5.15448,2.135,0.493532,-1.47196,-0.623815,-0.168157,45.0463,5.15448,2.135,0.493532,-1.47196,-0.623815,-0.168157,45.0463,5.15448,2.135,0.493532,-1.47196,-0.623815,-0.168157,45.0463,5.15448,2.135,0.493532,-1.47196,-0.623815,-0.168157,45.0463,
10.2,5.15448,2.135,0.493532,-1.47196,-0.623815,-0.168157,45.0463,5.15448,2.135,0.493532,-1.47196,-0.623815,-0.168157,45.0463,5.15448,2.135,0.493532,-1.47196,-0.623815,-0.168157,45.0463,5.15448,2.135,0.493532,-1.47196,-0.623815,-0.168157,45.0463,5.15448,2.135,0.493532,-1.47196,-0.623815,-0.168157,45.0463,5.15448,2.135,0.493532,-1.47196,-0.623815,-0.168157,45.0463,
10.3,5.15448,2.135,0.493532,-1.47196,-0.623815,-0.168157,45.0463,5.15448,2.135,0.493532,-1.47196,-0.623815,-0.168157,45.0463,5.15448,2.135,0.493532,-1.47196,-0.623815,-0.168157,45.0463,5.15448,2.135,0.493532,-1.47196,-0.623815,-0.168157,45.0463,5.15448,2.135,0.493532,-1.47196,-0.623815,-0.168157,45.0463,5.15448,2.135,0.493532,-1.47196,-0.623815,-0.168157,45.0463,
10.4,5.15448,2.135,0.493532,-1.47196,-0.623815,-0.168157,45.0463,5.15448,2.135,0.493532,-1.47196,-0.623815,-0.168157,45.0463,5.15448,2.135,0.493532,-1.47196,-0.623815,-0.168157,45.0463,5.15448,2.135,0.493532,-1.47196,-0.623815,-0.168157,45.0463,5.15448,2.135,0.493532,-1.47196,-0.623815,-0.168157,45.0463,5.15448,2.135,0.493532,-1.47196,-0.623815,-0.168157,45.0463,
10.5,5.15448,2.135,0.493532,-1.47196,-0.623815,-0.168157,45.0463,5.15448,2.135,0.493532,-1.47196,-0.623815,-0.168157,45.0463,5.15448,2.135,0.493532,-1.47196,-0.623815,-0.168157,45.0463,5.15448,2.135,0.493532,-1.47196,-0.623815,-0.168157,45.0463,5.15448,2.135,0.493532,-1.47196,-0.623815,-0.168157,45.0463,5.15448,2.135,0.493532,-1.47196,-0.623815,-0.168157,45.0463,
10.6,5.15448,2.135,0.493532,-1.47196,-0.623815,-0.168157,45.0463,5.15448,2.135,0.493532,-1.47196,-0.623815,-0.168157,45.0463,5.15448,2.135,0.493532,-1.47196,-0.623815,-0.168157,45.0463,5.15448,2.135,0.493532,-1.47196,-0.623815,-0.168157,45.0463,5.15448,2.135,0.493532,-1.47196,-0.623815,-0.168157,45.0463,5.15448,2.135,0.493532,-1.47196,-0.623815,-0.168157,45.0463,
10.7,5.15448,2.135,0.493532,-1.47196,-0.623815,-0.168157,45.0463,5.15448,2.135,0.493532,-1.47196,-0.623815,-0.168157,45.0463,5.15448,2.135,0.493532,-1.47196,-0.623815,-0.168157,45.0463,5.15448,2.135,0.493532,-1.47196,-0.623815,-0.168157,45.0463,5.15448,2.135,0.493532,-1.47196,-0.623815,-0.168157,45.0463,5.15448,2.135,0.493532,-1.47196,-0.623815,-0.168157,45.0463,
10.8,5.15448,2.135,0.493532,-1.47196,-0.623815,-0.168157,45.0463,5.15448,2.135,0.493532,-1.47196,-0.623815,-0.168157,45.0463,5.15448,2.135,0.493532,-1.47196,-0.623815,-0.168157,45.0463,5.15448,2.135,0.493532,-1.47196,-0.623815,-0.168157,45.0463,5.15448,2.135,0.493532,-1.47196,-0.623815,-0.168157,45.0463,5.15448,2.135,0.493532,-1.47196,-0.623815,-0.168157,45.0463,
10.9,5.15448,2.135,0.493532,-1.47196,-0.623815,-0.168157,45.0463,5.15448,2.135,0.493532,-1.47196,-0.623815,-0.168157,45.0463,5.15448,2.135,0.493532,-1.47196,-0.623815,-0.168157,45.0463,5.15448,2.135,0.493532,-1.47196,-0.623815,-0.168157,45.0463,5.15448,2.135,0.493532,-1.47196,-0.623815,-0.168157,45.0463,5.15448,2.135,0.493532,-1.47196,-0.623815,-0.168157,45.0463,
11,5.15448,2.135,0.493532,-1.47196,-0.623815,-0.168157,45.0463,5.15448,2.135,0.493532,-1.47196,-0.623815,-0.168157,45.0463,5.15448,2.135,0.493532,-1.47196,-0.623815,-0.168157,45.0463,5.15448,2.135,0.493532,-1.47196,-0.623815,-0.168157,45.0463,5.15448,2.135,0.493532,-1.47196,-0.623815,-0.168157,45.0463,5.15448,2.135,0.493532,-1.47196,-0.623815,-0.168157,45.0463,
11.1,5.15448,2.135,0.493532,-1.47196,-0.623815,-0.168157,45.0463,5.15448,2.135,0.493532,-1.47196,-0.623815,-0.168157,45.0463,5.15448,2.135,0.493532,-1.47196,-0.623815,-0.168157,45.0463,5.15448,2.135,0.493532,-1.47196,-0.623815,-0.168157,45.0463,5.15448,2.135,0.493532,-1.47196,-0.623815,-0.168157,45.0463,5.15448,2.135,0.493532,-1.47196,-0.623815,-0.168157,45.0463,
11.2,5.15448,2.135,0.493532,-1.47196,-0.623815,-0.168157,45.0463,5.15448,2.135,0.493532,-1.47196,-0.623815,-0.168157,45.0463,5.15448,2.135,0.493532,-1.47196,-0.623815,-0.168157,45.0463,5.15448,2.135,0.493532,-1.47196,-0.623815,-0.168157,45.0463,5.15448,2.135,0.493532,-1.47196,-0.623815,-0.168157,45.0463,5.15448,2.135,0.493532,-1.47196,-0.623815,-0.168157,45.0463,
11.3,5.15448,2.135,0.493532,-1.47196,-0.623815,-0.168157,45.0463,5.15448,2.135,0.493532,-1.47196,-0.623815,-0.168157,45.0463,5.15448,2.135,0.493532,-1.47196,-0.623815,-0.168157,45.0463,5.15448,2.135,0.493532,-1.47196,-0.623815,-0.168157,45.0463,5.15448,2.135,0.493532,-1.47196,-0.623815,-0.168157,45.0463,5.15448,2.135,0.493532,-1.47196,-0.623815,-0.168157,45.0463,
11.4,5.15448,2.135,0.493532,-1.47196,-0.623815,-0.168157,45.0463,5.15448,2.135,0.493532,-1.47196,-0.623815,-0.168157,45.0463,5.15448,2.135,0.493532,-1.47196,-0.623815,-0.168157,45.0463,5.15448,2.135,0.493532,-1.47196,-0.623815,-0.168157,45.0463,5.15448,2.135,0.493532,-1.47196,-0.623815,-0.168157,45.0463,5.15448,2.135,0.493532,-1.47196,-0.623815,-0.168157,45.0463,
11.5,5.15448,2.135,0.493532,-1.47196,-0.623815,-0.168157,45.0463,5.15448,2.135,0.493532,-1.47196,-0.623815,-0.168157,45.0463,5.15448,2.135,0.493532,-1.47196,-0.623815,-0.168157,45.0463,5.15448,2.135,0.493532,-1.47196,-0.623815,-0.168157,45.0463,5.15448,2.135,0.493532,-1.47196,-0.623815,-0.168157,45.0463,5.15448,2.135,0.493532,-1.47196,-0.623815,-0.168157,45.0463,
11.6,5.15448,2.135,0.493532,-1.47196,-0.623815,-0.168157,45.0463,5.15448,2.135,0.493532,-1.47196,-0.623815,-0.168157,45.0463,5.15448,2.135,0.493532,-1.47196,-0.623815,-0.168157,45.0463,5.15448,2.135,0.493532,-1.47196,-0.623815,-0.168157,45.0463,5.15448,2.135,0.493532,-1.47196,-0.623815,-0.168157,45.0463,5.15448,2.135,0.493532,-1.47196,-0.623815,-0.168157,45.0463,
11.7,5.15448,2.135,0.493532,-1.47196,-0.623815,-0.168157,45.0463,5.15448,2.135,0.493532,-1.47196,-0.623815,-0.168157,45.0463,5.15448,2.135,0.493532,-1.47196,-0.623815,-0.168157,45.0463,5.15448,2.135,0.493532,-1.47196,-0.623815,-0.168157,45.0463,5.15448,2.135,0.493532,-1.47196,-0.623815,-0.168157,45.0463,5.15448,2.135,0.493532,-1.47196,-0.623815,-0.168157,45.0463,
11.8,5.15448,2.135,0.493532,-1.47196,-0.623815,-0.168157,45.0463,5.15448,2.135,0.493532,-1.47196,-0.623815,-0.168157,45.0463,5.15448,2.135,0.493532,-1.47196,-0.623815,-0.168157,45.0463,5.15448,2.135,0.493532,-1.47196,-0.623815,-0.168157,45.0463,5.15448,2.135,0.493532,-1.47196,-0.623815,-0.168157,45.0463,5.15448,2.135,0.493532,-1.47196,-0.623815,-0.168157,45.0463,
11.9,5.15448,2.135,0.493532,-1.47196,-0.623815,-0.168157,45.0463,5.15448,2.135,0.493532,-1.47196,-0.623815,-0.168157,45.0463,5.15448,2.135,0.493532,-1.47196,-0.623815,-0.168157,45.0463,5.15448,2.135,0.493532,-1.47196,-0.623815,-0.168157,45.0463,5.15448,2.135,0.493532,-1.47196,-0.623815,-0.168157,45.0463,5.15448,2.135,0.493532,-1.47196,-0.623815,-0.168157,45.0463,
12,5.15448,2.135,0.493532,-1.47196,-0.623815,-0.168157,45.0463,5.15448,2.135,0.493532,-1.47196,-0.623815,-0.168157,45.0463,5.15448,2.135,0.493532,-1.47196,-0.623815,-0.168157,45.0463,5.15448,2.135,0.493532,-1.47196,-0.623815,-0.168157,45.0463,5.15448,2.135,0.493532,-1.47196,-0.623815,-0.168157,45.0463,5.15448,2.135,0.493532,-1.47196,-0.623815,-0.168157,45.0463,
12.1,5.15448,2.135,0.493532,-1.47196,-0.623815,-0.168157,45.0463,5.15448,2.135,0.493532,-1.47196,-0.623815,-0.168157,45.0463,5.15448,2.135,0.493532,-1.47196,-0.623815,-0.168157,45.0463,5.15448,2.135,0.493532,-1.47196,-0.623815,-0.168157,45.0463,5.15448,2.135,0.493532,-1.47196,-0.623815,-0.168157,45.0463,5.15448,2.135,0.493532,-1.47196,-0.623815,-0.168157,45.0463,
12.2,5.15448,2.135,0.493532,-1.47196,-0.623815,-0.168157,45.0463,5.15448,2.135,0.493532,-1.47196,-0.623815,-0.168157,45.0463,5.15448,2.135,0.493532,-1.47196,-0.623815,-0.168157,45.0463,5.15448,2.135,0.493532,-1.47196,-0.623815,-0.168157,45.0463,5.15448,2.135,0.493532,-1.47196,-0.623815,-0.168157,45.0463,5.15448,2.135,0.493532,-1.47196,-0.623815,-0.168157,45.0463,
12.3,5.15448,2.135,0.493532,-1.47196,-0.623815,-0.168157,45.0463,5.15448,2.135,0.493532,-1.47196,-0.623815,-0.168157,45.0463,5.15448,2.135,0.493532,-1.47196,-0.623815,-0.168157,45.0463,5.15448,2.135,0.493532,-1.47196,-0.623815,-0.168157,45.0463,5.15448,2.135,0.493532,-1.47196,-0.623815,-0.168157,45.0463,5.15448,2.135,0.493532,-1.47196,-0.623815,-0.168157,45.0463,
12.4,5.15448,2.135,0.493532,-1.47196,-0.623815,-0.168157,45.0463,5.15448,2.135,0.493532,-1.47196,-0.623815,-0.168157,45.0463,5.15448,2.135,0.493532,-1.47196,-0.623815,-0.168157,45.0463,5.15448,2.135,0.493532,-1.47196,-0.623815,-0.168157,45.0463,5.15448,2.135,0.493532,-1.47196,-0.623815,-0.168157,45.0463,5.15448,2.135,0.493532,-1.47196,-0.623815,-0.168157,45.0463,
12.5,5.15448,2.135,0.493532,-1.47196,-0.623815,-0.168157,45.0463,5.15448,2.135,0.493532,-1.47196,-0.623815,-0.168157,45.0463,5.15448,2.135,0.493532,-1.47196,-0.623815,-0.168157,45.0463,5.15448,2.135,0.493532,-1.47196,-0.623815,-0.168157,45.0463,5.15448,2.135,0.493532,-1.47196,-0.623815,-0.168157,45.0463,5.15448,2.135,0.493532,-1.47196,-0.623815,-0.168157,45.0463,
12.6,5.15448,2.135,0.493532,-1.47196,-0.623815,-0.168157,45.0463,5.15448,2.135,0.493532,-1.47196,-0.623815,-0.168157,45.0463,5.15448,2.135,0.493532,-1.47196,-0.623815,-0.168157,45.0463,5.15448,2.135,0.493532,-1.47196,-0.623815,-0.168157,45.0463,5.15448,2.135,0.493532,-1.47196,-0.623815,-0.168157,45.0463,5.15448,2.135,0.493532,-1.47196,-0.623815,-0.168157,45.0463,
12.7,5.15448,2.135,0.493532,-1.47196,-0.623815,-0.168157,45.0463,5.15448,2.135,0.493532,-1.47196,-0.623815,-0.168157,45.0463,5.15448,2.135,0.493532,-1.47196,-0.623815,-0.168157,45.0463,5.15448,2.135,0.493532,-1.47196,-0.623815,-0.168157,45.0463,5.15448,2.135,0.493532,-1.47196,-0.623815,-0.168157,45.0463,5.15448,2.135,0.493532,-1.47196,-0.623815,-0.168157,45.0463,
12.8,5.15448,2.135,0.493532,-1.47196,-0.623815,-0.168157,45.0463,5.15448,2.135,0.493532,-1.47196,-0.623815,-0.168157,45.0463,5.15448,2.135,0.493532,-1.47196,-0.623815,-0.168157,45.0463,5.15448,2.135,0.493532,-1.47196,-0.623815,-0.168157,45.0463,5.15448,2.135,0.493532,-1.47196,-0.623815,-0.168157,45.0463,5.15448,2.135,0.493532,-1.47196,-0.623815,-0.168157,45.0463,
12.9,5.15448,2.135,0.493532,-1.47196,-0.623815,-0.168157,45.0463,5.15448,2.135,0.493532,-1.47196,-0.623815,-0.168157,45.0463,5.15448,2.135,0.493532,-1.47196,-0.623815,-0.168157,45.0463,5.15448,2.135,0.493532,-1.47196,-0.623815,-0.168157,45.0463,5.15448,2.135,0.493532,-1.47196,-0.623815,-0.168157,45.0463,5.15448,2.135,0.493532,-1.47196,-0.623815,-0.168157,45.0463,
13,5.15448,2.135,0.493532,-1.47196,-0.623815,-0.168157,45.0463,5.15448,2.135,0.493532,-1.47196,-0.623815,-0.168157,45.0463,5.15448,2.135,0.493532,-1.47196,-0.623815,-0.168157,45.0463,5.15448,2.135,0.493532,-1.47196,-0.623815,-0.168157,45.0463,5.15448,2.135,0.493532,-1.47196,-0.623815,-0.168157,45.0463,5.15448,2.135,0.493532,-1.47196,-0.623815,-0.168157,45.0463,
13.1,5.15448,2.135,0.493532,-1.47196,-0.623815,-0.168157,45.0463,5.15448,2.135,0.493532,-1.47196,-0.623815,-0.168157,45.0463,5.15448,2.135,0.493532,-1.47196,-0.623815,-0.168157,45.0463,5.15448,2.135,0.493532,-1.47196,-0.623815,-0.168157,45.0463,5.15448,2.135,0.493532,-1.47196,-0.623815,-0.168157,45.0463,5.15448,2.135,0.493532,-1.47196,-0.623815,-0.168157,45.0463,
13.2,5.15448,2.135,0.493532,-1.47196,-0.623815,-0.168157,45.0463,5.15448,2.135,0.493532,-1.47196,-0.623815,-0.168157,45.0463,5.15448,2.135,0.493532,-1.47196,-0.623815,-0.168157,45.0463,5.15448,2.135,0.493532,-1.47196,-0.623815,-0.168157,45.0463,5.15448,2.135,0.493532,-1.47196,-0.623815,-0.168157,45.0463,5.15448,2.135,0.493532,-1.47196,-0.623815,-0.168157,45.0463,
13.3,5.15448,2.135,0.493532,-1.47196,-0.623815,-0.168157,45.0463,5.15448,2.135,0.493532,-1.47196,-0.623815,-0.168157,45.0463,5.15448,2.135,0.493532,-1.47196,-0.623815,-0.168157,45.0463,5.15448,2.135,0.493532,-1.47196,-0.623815,-0.168157,45.0463,5.15448,2.135,0.493532,-1.47196,-0.623815,-0.168157,45.0463,5.15448,2.135,0.493532,-1.47196,-0.623815,-0.168157,45.0463,
13.4,5.15448,2.135,0.493532,-1.47196,-0.623815,-0.168157,45.0463,5.15448,2.135,0.493532,-1.47196,-0.623815,-0.168157,45.0463,5.15448,2.135,0.493532,-1.47196,-0.623815,-0.168157,45.0463,5.15448,2.135,0.493532,-1.47196,-0.623815,-0.168157,45.0463,5.15448,2.135,0.493532,-1.47196,-0.623815,-0.168157,45.0463,5.15448,2.135,0.493532,-1.47196,-0.623815,-0.168157,45.0463,
13.5,5.15448,2.135,0.493532,-1.47196,-0.623815,-0.168157,45.0463,5.15448,2.135,0.493532,-1.47196,-0.623815,-0.168157,45.0463,5.15448,2.135,0.493532,-1.47196,-0.623815,-0.168157,45.0463,5.15448,2.135,0.493532,-1.47196,-0.623815,-0.168157,45.0463,5.15448,2.135,0.493532,-1.47196,-0.623815,-0.168157,45.0463,5.15448,2.135,0.493532,-1.47196,-0.623815,-0.168157,45.0463,
13.6,5.15448,2.135,0.493532,-1.47196,-0.623815,-0.168157,45.0463,5.15448,2.135,0.493532,-1.47196,-0.623815,-0.168157,45.0463,5.15448,2.135,0.493532,-1.47196,-0.623815,-0.168157,45.0463,5.15448,2.135,0.493532,-1.47196,-0.623815,-0.168157,45.0463,5.15448,2.135,0.493532,-1.47196,-0.623815,-0.168157,45.0463,5.15448,2.135,0.493532,-1.47196,-0.623815,-0.168157,45.0463,
13.7,5.15448,2.135,0.493532,-1.47196,-0.623815,-0.168157,45.0463,5.15448,2.135,0.493532,-1.47196,-0.623815,-0.168157,45.0463,5.15448,2.135,0.493532,-1.47196,-0.623815,-0.168157,45.0463,5.15448,2.135,0.493532,-1.47196,-0.623815,-0.168157,45.0463,5.15448,2.135,0.493532,-1.47196,-0.623815,-0.168157,45.0463,5.15448,2.135,0.493532,-1.47196,-0.623815,-0.168157,45.0463,
13.8,5.15448,2.135,0.493532,-1.47196,-0.623815,-0.168157,45.0463,5.15448,2.135,0.493532,-1.47196,-0.623815,-0.168157,45.0463,5.15448,2.135,0.493532,-1.47196,-0.623815,-0.168157,45.0463,5.15448,2.135,0.493532,-1.47196,-0.623815,-0.168157,45.0463,5.15448,2.135,0.493532,-1.47196,-0.623815,-0.168157,45.0463,5.15448,2.135,0.493532,-1.47196,-0.623815,-0.168157,45.0463,
13.9,5.15448,2.135,0.493532,-1.47196,-0.623815,-0.168157,45.0463,5.15448,2.135,0.493532,-1.47196,-0.623815,-0.168157,45.0463,5.15448,2.135,0.493532,-1.47196,-0.623815,-0.168157,45.0463,5.15448,2.135,0.493532,-1.47196,-0.623815,-0.168157,45.0463,5.15448,2.135,0.493532,-1.47196,-0.623815,-0.168157,45.0463,5.15448,2.135,0.493532,-1.47196,-0.623815,-0.168157,45.0463,
14,5.15448,2.135,0.493532,-1.47196,-0.623815,-0.168157,45.0463,5.15448,2.135,0.493532,-1.47196,-0.623815,-0.168157,45.0463,5.15448,2.135,0.493532,-1.47196,-0.623815,-0.168157,45.0463,5.15448,2.135,0.493532,-1.47196,-0.623815,-0.168157,45.0463,5.15448,2.135,0.493532,-1.47196,-0.623815,-0.168157,45.0463,5.15448,2.135,0.493532,-1.47196,-0.623815,-0.168157,45.0463,
14.1,5.15448,2.135,0.493532,-1.47196,-0.623815,-0.168157,45.0463,5.15448,2.135,0.493532,-1.47196,-0.623815,-0.168157,45.0463,5.15448,2.135,0.493532,-1.47196,-0.623815,-0.168157,45.0463,5.15448,2.135,0.493532,-1.47196,-0.623815,-0.168157,45.0463,5.15448,2.135,0.493532,-1.47196,-0.623815,-0.168157,45.0463,5.15448,2.135,0.493532,-1.47196,-0.623815,-0.168157,45.0463,
14.2,5.15448,2.135,0.493528,-1.47196,-0.623815,-0.168157,45.0463,5.15448,2.135,0.493528,-1.47196,-0.623815,-0.168157,45.0463,5.15448,2.135,0.493528,-1.47196,-0.623815,-0.168157,45.0463,5.15448,2.135,0.493528,-1.47196,-0.623815,-0.168157,45.0463,5.15448,2.135,0.493528,-1.47196,-0.623815,-0.168157,45.0463,5.15448,2.135,0.493528,-1.47196,-0.623815,-0.168157,45.0463,
14.3,5.15501,2.28319,0.541183,-1.47196,-0.623815,-0.168157,45.0463,5.15501,2.28319,0.541183,-1.47196,-0.623815,-0.168157,45.0463,5.15501,2.28319,0.541183,-1.47196,-0.623815,-0.168157,45.0463,5.15501,2.28319,0.541183,-1.47196,-0.623815,-0.168157,45.0463,5.15501,2.28319,0.541183,-1.47196,-0.623815,-0.168157,45.0463,5.15501,2.28319,0.541183,-1.47196,-0.623815,-0.168157,45.0463,
14.4,5.18684,4.6502,1.23722,-1.47196,-0.623815,-0.168158,45.0463,5.18684,4.6502,1.23722,-1.47196,-0.623815,-0.168158,45.0463,5.18684,4.6502,1.23722,-1.47196,-0.623815,-0.168158,45.0463,5.18684,4.6502,1.23722,-1.47196,-0.623815,-0.168158,45.0463,5.18684,4.6502,1.23722,-1.47196,-0.623815,-0.168158,45.0463,5.18684,4.6502,1.23722,-1.47196,-0.623815,-0.168158,45.0463,
14.5,4.07914,7.22049,1.75874,-1.47196,-0.623815,-0.168157,45.0463,4.07914,7.22049,1.75874,-1.47196,-0.623815,-0.168157,45.0463,4.07914,7.22049,1.75874,-1.47196,-0.623815,-0.168157,45.0463,4.07914,7.22049,1.75874,-1.47196,-0.623815,-0.168157,45.0463,4.07914,7.22049,1.75874,-1.47196,-0.623815,-0.168157,45.0463,4.07914,7.22049,1.75874,-1.47196,-0.623815,-0.168157,45.0463,
14.6,2.0975,10.3287,2.13063,-1.47196,-0.623815,-0.168157,45.0463,2.0975,10.3287,2.13063,-1.47196,-0.623815,-0.168157,45.0463,2.0975,10.3287,2.13063,-1.47196,-0.623815,-0.168157,45.0463,2.0975,10.3287,2.13063,-1.47196,-0.623815,-0.168157,45.0463,2.0975,10.3287,2.13063,-1.47196,-0.623815,-0.168157,45.0463,2.0975,10.3287,2.13063,-1.47196,-0.623815,-0.168157,45.0463,
14.7,-2.04985,12.7734,1.78596,-1.47196,-0.623815,-0.168157,45.0463,-2.04985,12.7734,1.78596,-1.47196,-0.623815,-0.168157,45.0463,-2.04985,12.7734,1.78596,-1.47196,-0.623815,-0.168157,45.0463,-2.04985,12.7734,1.78596,-1.47196,-0.623815,-0.168157,45.0463,-2.04985,12.7734,1.78596,-1.47196,-0.623815,-0.168157,45.0463,-2.04985,12.7734,1.78596,-1.47196,-0.623815,-0.168157,45.0463,
14.8,-6.80707,9.91279,0.0925388,-1.47195,-0.623814,-0.168114,45.0463,-6.80707,9.91279,0.0925388,-1.47195,-0.623814,-0.168114,45.0463,-6.80707,9.91279,0.0925388,-1.47195,-0.623814,-0.168114,45.0463,-6.80707,9.91279,0.0925388,-1.47195,-0.623814,-0.168114,45.0463,-6.80707,9.91279,0.0925388,-1.47195,-0.623814,-0.168114,45.0463,-6.80707,9.91279,0.0925388,-1.47195,-0.623814,-0.168114,45.0463,
14.9,-7.13276,2.135,-5.21244,-1.46706,-0.63288,-0.174235,45.0463,-7.13276,2.135,-5.21244,-1.46706,-0.63288,-0.174235,45.0463,-7.13276,2.135,-5.21244,-1.46706,-0.63288,-0.174235,45.0463,-7.13276,2.135,-5.21244,-1.46706,-0.63288,-0.174235,45.0463,-7.13276,2.135,-5.21244,-1.46706,-0.63288,-0.174235,45.0463,-7.13276,2.135,-5.21244,-1.46706,-0.63288,-0.174235,45.0463,
15,8.02577,2.13456,-6.95893,-1.48522,-0.532701,-0.16745,45.0463,8.02577,2.13456,-6.95893,-1.48522,-0.532701,-0.16745,45.0463,8.02577,2.13456,-6.95893,-1.48522,-0.532701,-0.16745,45.0463,8.02577,2.13456,-6.95893,-1.48522,-0.532701,-0.16745,45.0463,8.02577,2.13456,-6.95893,-1.48522,-0.532701,-0.16745,45.0463,8.02577,2.13456,-6.95893,-1.48522,-0.532701,-0.16745,45.0463,
15.1,13.1438,2.1349,-2.01282,-1.52785,-0.3033,-0.142874,45.0463,13.1438,2.1349,-2.01282,-1.52785,-0.3033,-0.142874,45.0463,13.1438,2.1349,-2.01282,-1.52785,-0.3033,-0.142874,45.0463,13.1438,2.1349,-2.01282,-1.52785,-0.3033,-0.142874,45.0463,13.1438,2.1349,-2.01282,-1.52785,-0.3033,-0.142874,45.0463,13.1438,2.1349,-2.01282,-1.52785,-0.3033,-0.142874,45.0463,
15.2,10.9697,9.69101,1.01767,-1.47196,-0.623815,-0.168155,45.0463,10.9697,9.69101,1.01767,-1.47196,-0.623815,-0.168155,45.0463,10.9697,9.69101,1.01767,-1.47196,-0.623815,-0.168155,45.0463,10.9697,9.69101,1.01767,-1.47196,-0.623815,-0.168155,45.0463,10.9697,9.69101,1.01767,-1.47196,-0.623815,-0.168155,45.0463,10.9697,9.69101,1.01767,-1.47196,-0.623815,-0.168155,45.0463,
15.3,9.36614,8.1293,0.991194,-1.47196,-0.623815,-0.168157,45.0463,9.36614,8.1293,0.991194,-1.47196,-0.623815,-0.168157,45.0463,9.36614,8.1293,0.991194,-1.47196,-0.623815,-0.168157,45.0463,9.36614,8.1293,0.991194,-1.47196,-0.623815,-0.168157,45.0463,9.36614,8.1293,0.991194,-1.47196,-0.623815,-0.168157,45.0463,9.36614,8.1293,0.991194,-1.47196,-0.623815,-0.168157,45.0463,
15.4,8.10068,2.82845,-0.394403,-1.47199,-0.623819,-0.168161,45.0463,8.10068,2.82845,-0.394403,-1.47199,-0.623819,-0.168161,45.0463,8.10068,2.82845,-0.394403,-1.47199,-0.623819,-0.168161,45.0463,8.10068,2.82845,-0.394403,-1.47199,-0.623819,-0.168161,45.0463,8.10068,2.82845,-0.394403,-1.47199,-0.623819,-0.168161,45.0463,8.10068,2.82845,-0.394403,-1.47199,-0.623819,-0.168161,45.0463,
15.5,7.73933,3.20049,-0.098284,-1.47198,-0.623819,-0.168129,45.0463,7.73933,3.20049,-0.098284,-1.47198,-0.623819,-0.168129,45.0463,7.73933,3.20049,-0.098284,-1.47198,-0.623819,-0.168129,45.0463,7.73933,3.20049,-0.098284,-1.47198,-0.623819,-0.168129,45.0463,7.73933,3.20049,-0.098284,-1.47198,-0.623819,-0.168129,45.0463,7.73933,3.20049,-0.098284,-1.47198,-0.623819,-0.168129,45.0463,
15.6,8.93906,51.0528,-0.156637,-1.47195,-0.623815,-0.168159,45.0463,8.93906,51.0528,-0.156637,-1.47195,-0.623815,-0.168159,45.0463,8.93906,51.0528,-0.156637,-1.47195,-0.623815,-0.168159,45.0463,8.93906,51.0528,-0.156637,-1.47195,-0.623815,-0.168159,45.0463,8.93906,51.0528,-0.156637,-1.47195,-0.623815,-0.168159,45.0463,8.93906,51.0528,-0.156637,-1.47195,-0.623815,-0.168159,45.0463,
15.7,12.1334,201.31,-13.2081,-1.47195,-0.623813,-0.168166,45.0463,12.1334,201.31,-13.2081,-1.47195,-0.623813,-0.168166,45.0463,12.1334,201.31,-13.2081,-1.47195,-0.623813,-0.168166,45.0463,12.1334,201.31,-13.2081,-1.47195,-0.623813,-0.168166,45.0463,12.1334,201.31,-13.2081,-1.47195,-0.623813,-0.168166,45.0463,12.1334,201.31,-13.2081,-1.47195,-0.623813,-0.168166,45.0463,
15.8,15.3277,350.587,-26.2596,-1.47194,-0.623812,-0.168173,45.0463,15.3277,350.587,-26.2596,-1.47194,-0.623812,-0.168173,45.0463,15.3277,350.587,-26.2596,-1.47194,-0.623812,-0.168173,45.0463,15.3277,350.587,-26.2596,-1.47194,-0.623812,-0.168173,45.0463,15.3277,350.587,-26.2596,-1.47194,-0.623812,-0.168173,45.0463,15.3277,350.587,-26.2596,-1.47194,-0.623812,-0.168173,45.0463,
15.9,18.522,498.882,-39.311,-1.47193,-0.623811,-0.16818,45.0463,18.522,498.882,-39.311,-1.47193,-0.623811,-0.16818,45.0463,18.522,498.882,-39.311,-1.47193,-0.623811,-0.16818,45.0463,18.522,498.882,-39.311,-1.47193,-0.623811,-0.16818,45.0463,18.522,498.882,-39.311,-1.47193,-0.623811,-0.16818,45.0463,18.522,498.882,-39.311,-1.47193,-0.623811,-0.16818,45.0463,
16,21.7163,646.197,-52.3625,-1.47192,-0.62381,-0.168187,45.0463,21.7163,646.197,-52.3625,-1.47192,-0.62381,-0.168187,45.0463,21.7163,646.197,-52.3625,-1.47192,-0.62381,-0.168187,45.0463,21.7163,646.197,-52.3625,-1.47192,-0.62381,-0.168187,45.0463,21.7163,646.197,-52.3625,-1.47192,-0.62381,-0.168187,45.0463,21.7163,646.197,-52.3625,-1.47192,-0.62381,-0.168187,45.0463,
16.1,24.9107,792.53,-65.4139,-1.47191,-0.623809,-0.168194,45.0463,24.9107,792.53,-65.4139,-1.47191,-0.623809,-0.168194,45.0463,24.9107,792.53,-65.4139,-1.47191,-0.623809,-0.168194,45.0463,24.9107,792.53,-65.4139,-1.47191,-0.623809,-0.168194,45.0463,24.9107,792.53,-65.4139,-1.47191,-0.623809,-0.168194,45.0463,24.9107,792.53,-65.4139,-1.47191,-0.623809,-0.168194,45.0463,
16.2,28.105,937.883,-78.4654,-1.47191,-0.623808,-0.168201,45.0463,28.105,937.883,-78.4654,-1.47191,-0.623808,-0.168201,45.0463,28.105,937.883,-78.4654,-1.47191,-0.623808,-0.168201,45.0463,28.105,937.883,-78.4654,-1.47191,-0.623808,-0.168201,45.0463,28.105,937.883,-78.4654,-1.47191,-0.623808,-0.168201,45.0463,28.105,937.883,-78.4654,-1.47191,-0.623808,-0.168201,45.0463,
16.3,31.2993,1082.25,-91.5169,-1.4719,-0.623807,-0.168208,45.0463,31.2993,1082.25,-91.5169,-1.4719,-0.623807,-0.168208,45.0463,31.2993,1082.25,-91.5169,-1.4719,-0.623807,-0.168208,45.0463,31.2993,1082.25,-91.5169,-1.4719,-0.623807,-0.168208,45.0463,31.2993,1082.25,-91.5169,-1.4719,-0.623807,-0.168208,45.0463,31.2993,1082.25,-91.5169,-1.4719,-0.623807,-0.168208,45.0463,
16.4,34.4936,1225.64,-104.568,-1.47189,-0.623805,-0.168216,45.0463,34.4936,1225.64,-104.568,-1.47189,-0.623805,-0.168216,45.0463,34.4936,1225.64,-104.568,-1.47189,-0.623805,-0.168216,45.0463,34.4936,1225.64,-104.568,-1.47189,-0.623805,-0.168216,45.0463,34.4936,1225.64,-104.568,-1.47189,-0.623805,-0.168216,45.0463,34.4936,1225.64,-104.568,-1.47189,-0.623805,-0.168216,45.0463,
16.5,37.6879,1368.05,-117.62,-1.47188,-0.623804,-0.168223,45.0463,37.6879,1368.05,-117.62,-1.47188,-0.623804,-0.168223,45.0463,37.6879,1368.05,-117.62,-1.47188,-0.623804,-0.168223,45.0463,37.6879,1368.05,-117.62,-1.47188,-0.623804,-0.168223,45.0463,37.6879,1368.05,-117.62,-1.47188,-0.623804,-0.168223,45.0463,37.6879,1368.05,-117.62,-1.47188,-0.623804,-0.168223,45.0463,
16.6,40.8822,1509.48,-130.671,-1.47187,-0.623803,-0.16823,45.0463,40.8822,1509.48,-130.671,-1.47187,-0.623803,-0.16823,45.0463,40.8822,1509.48,-130.671,-1.47187,-0.623803,-0.16823,45.0463,40.8822,1509.48,-130.671,-1.47187,-0.623803,-0.16823,45.0463,40.8822,1509.48,-130.671,-1.47187,-0.623803,-0.16823,45.0463,40.8822,1509.48,-130.671,-1.47187,-0.623803,-0.16823,45.0463,
16.7,44.0766,1649.93,-143.723,-1.47186,-0.623802,-0.168237,45.0463,44.0766,1649.93,-143.723,-1.47186,-0.623802,-0.168237,45.0463,44.0766,1649.93,-143.723,-1.47186,-0.623802,-0.168237,45.0463,44.0766,1649.93,-143.723,-1.47186,-0.623802,-0.168237,45.0463,44.0766,1649.93,-143.723,-1.47186,-0.623802,-0.168237,45.0463,44.0766,1649.93,-143.723,-1.47186,-0.623802,-0.168237,45.0463,
16.8,47.2709,1789.4,-156.774,-1.47186,-0.623801,-0.168244,45.0463,47.2709,1789.4,-156.774,-1.47186,-0.623801,-0.168244,45.0463,47.2709,1789.4,-156.774,-1.47186,-0.623801,-0.168244,45.0463,47.2709,1789.4,-156.774,-1.47186,-0.623801,-0.168244,45.0463,47.2709,1789.4,-156.774,-1.47186,-0.623801,-0.168244,45.0463,47.2709,1789.4,-156.774,-1.47186,-0.623801,-0.168244,45.0463,
16.9,50.4652,1927.88,-169.826,-1.47185,-0.6238,-0.168251,45.0463,50.4652,1927.88,-169.826,-1.47185,-0.6238,-0.168251,45.0463,50.4652,1927.88,-169.826,-1.47185,-0.6238,-0.168251,45.0463,50.4652,1927.88,-169.826,-1.47185,-0.6238,-0.168251,45.0463,50.4652,1927.88,-169.826,-1.47185,-0.6238,-0.168251,45.0463,50.4652,1927.88,-169.826,-1.47185,-0.6238,-0.168251,45.0463,
17,53.6595,2065.39,-182.877,-1.47184,-0.623799,-0.168258,45.0463,53.6595,2065.39,-182.877,-1.47184,-0.623799,-0.168258,45.0463,53.6595,2065.39,-182.877,-1.47184,-0.623799,-0.168258,45.0463,53.6595,2065.39,-182.877,-1.47184,-0.623799,-0.168258,45.0463,53.6595,2065.39,-182.877,-1.47184,-0.623799,-0.168258,45.0463,53.6595,2065.39,-182.877,-1.47184,-0.623799,-0.168258,45.0463,
17.1,56.8538,2201.91,-195.929,-1.47183,-0.623798,-0.168265,45.0463,56.8538,2201.91,-195.929,-1.47183,-0.623798,-0.168265,45.0463,56.8538,2201.91,-195.929,-1.47183,-0.623798,-0.168265,45.0463,56.8538,2201.91,-195.929,-1.47183,-0.623798,-0.168265,45.0463,56.8538,2201.91,-195.929,-1.47183,-0.623798,-0.168265,45.0463,56.8538,2201.91,-195.929,-1.47183,-0.623798,-0.168265,45.0463,
17.2,60.0481,2337.45,-208.98,-1.47182,-0.623796,-0.168272,45.0463,60.0481,2337.45,-208.98,-1.47182,-0.623796,-0.168272,45.0463,60.0481,2337.45,-208.98,-1.47182,-0.623796,-0.168272,45.0463,60.0481,2337.45,-208.98,-1.47182,-0.623796,-0.168272,45.0463,60.0481,2337.45,-208.98,-1.47182,-0.623796,-0.168272,45.0463,60.0481,2337.45,-208.98,-1.47182,-0.623796,-0.168272,45.0463,
17.3,63.2425,2472.01,-222.031,-1.47181,-0.623795,-0.16828,45.0463,63.2425,2472.01,-222.031,-1.47181,-0.623795,-0.16828,45.0463,63.2425,2472.01,-222.031,-1.47181,-0.623795,-0.16828,45.0463,63.2425,2472.01,-222.031,-1.47181,-0.623795,-0.16828,45.0463,63.2425,2472.01,-222.031,-1.47181,-0.623795,-0.16828,45.0463,63.2425,2472.01,-222.031,-1.47181,-0.623795,-0.16828,45.0463,
17.4,66.4368,2605.59,-235.083,-1.47181,-0.623794,-0.168287,45.0463,66.4368,2605.59,-235.083,-1.47181,-0.623794,-0.168287,45.0463,66.4368,2605.59,-235.083,-1.47181,-0.623794,-0.168287,45.0463,66.4368,2605.59,-235.083,-1.47181,-0.623794,-0.168287,45.0463,66.4368,2605.59,-235.083,-1.47181,-0.623794,-0.168287,45.0463,66.4368,2605.59,-235.083,-1.47181,-0.623794,-0.168287,45.0463,
17.5,69.6311,2738.19,-248.134,-1.4718,-0.623793,-0.168294,45.0463,69.6311,2738.19,-248.134,-1.4718,-0.623793,-0.168294,45.0463,69.6311,2738.19,-248.134,-1.4718,-0.623793,-0.168294,45.0463,69.6311,2738.19,-248.134,-1.4718,-0.623793,-0.168294,45.0463,69.6311,2738.19,-248.134,-1.4718,-0.623793,-0.168294,45.0463,69.6311,2738.19,-248.134,-1.4718,-0.623793,-0.168294,45.0463,
17.6,72.8254,2869.81,-261.186,-1.47179,-0.623792,-0.168301,45.0463,72.8254,2869.81,-261.186,-1.47179,-0.623792,-0.168301,45.0463,72.8254,2869.81,-261.186,-1.47179,-0.623792,-0.168301,45.0463,72.8254,2869.81,-261.186,-1.47179,-0.623792,-0.168301,45.0463,72.8254,2869.81,-261.186,-1.47179,-0.623792,-0.168301,45.0463,72.8254,2869.81,-261.186,-1.47179,-0.623792,-0.168301,45.0463,
17.7,76.0197,3000.45,-274.237,-1.47178,-0.623791,-0.168308,45.0463,76.0197,3000.45,-274.237,-1.47178,-0.623791,-0.168308,45.0463,76.0197,3000.45,-274.237,-1.47178,-0.623791,-0.168308,45.0463,76.0197,3000.45,-274.237,-1.47178,-0.623791,-0.168308,45.0463,76.0197,3000.45,-274.237,-1.47178,-0.623791,-0.168308,45.0463,76.0197,3000.45,-274.237,-1.47178,-0.623791,-0.168308,45.0463,
17.8,79.2141,3130.11,-287.289,-1.47177,-0.62379,-0.168315,45.0463,79.2141,3130.11,-287.289,-1.47177,-0.62379,-0.168315,45.0463,79.2141,3130.11,-287.289,-1.47177,-0.62379,-0.168315,45.0463,79.2141,3130.11,-287.289,-1.47177,-0.62379,-0.168315,45.0463,79.2141,3130.11,-287.289,-1.47177,-0.62379,-0.168315,45.0463,79.2141,3130.11,-287.289,-1.47177,-0.62379,-0.168315,45.0463,
17.9,82.4084,3258.78,-300.34,-1.47176,-0.623788,-0.168322,45.0463,82.4084,3258.78,-300.34,-1.47176,-0.623788,-0.168322,45.0463,82.4084,3258.78,-300.34,-1.47176,-0.623788,-0.168322,45.0463,82.4084,3258.78,-300.34,-1.47176,-0.623788,-0.168322,45.0463,82.4084,3258.78,-300.34,-1.47176,-0.623788,-0.168322,45.0463,82.4084,3258.78,-300.34,-1.47176,-0.623788,-0.168322,45.0463,
18,85.6027,3386.48,-313.392,-1.47176,-0.623787,-0.168329,45.0463,85.6027,3386.48,-313.392,-1.47176,-0.623787,-0.168329,45.0463,85.6027,3386.48,-313.392,-1.47176,-0.623787,-0.168329,45.0463,85.6027,3386.48,-313.392,-1.47176,-0.623787,-0.168329,45.0463,85.6027,3386.48,-313.392,-1.47176,-0.623787,-0.168329,45.0463,85.6027,3386.48,-313.392,-1.47176,-0.623787,-0.168329,45.0463,
18.1,88.797,3513.19,-326.443,-1.47175,-0.623786,-0.168336,45.0463,88.797,3513.19,-326.443,-1.47175,-0.623786,-0.168336,45.0463,88.797,3513.19,-326.443,-1.47175,-0.623786,-0.168336,45.0463,88.797,3513.19,-326.443,-1.47175,-0.623786,-0.168336,45.0463,88.797,3513.19,-326.443,-1.47175,-0.623786,-0.168336,45.0463,88.797,3513.19,-326.443,-1.47175,-0.623786,-0.168336,45.0463,
18.2,91.9913,3638.92,-339.495,-1.47174,-0.623785,-0.168343,45.0463,91.9913,3638.92,-339.495,-1.47174,-0.623785,-0.168343,45.0463,91.9913,3638.92,-339.495,-1.47174,-0.623785,-0.168343,45.0463,91.9913,3638.92,-339.495,-1.47174,-0.623785,-0.168343,45.0463,91.9913,3638.92,-339.495,-1.47174,-0.623785,-0.168343,45.0463,91.9913,3638.92,-339.495,-1.47174,-0.623785,-0.168343,45.0463,
18.3,95.1856,3763.67,-352.546,-1.47173,-0.623784,-0.168351,45.0463,95.1856,3763.67,-352.546,-1.47173,-0.623784,-0.168351,45.0463,95.1856,3763.67,-352.546,-1.47173,-0.623784,-0.168351,45.0463,95.1856,3763.67,-352.546,-1.47173,-0.623784,-0.168351,45.0463,95.1856,3763.67,-352.546,-1.47173,-0.623784,-0.168351,45.0463,95.1856,3763.67,-352.546,-1.47173,-0.623784,-0.168351,45.0463,
18.4,98.38,3887.44,-365.598,-1.47172,-0.623783,-0.168358,45.0463,98.38,3887.44,-365.598,-1.47172,-0.623783,-0.168358,45.0463,98.38,3887.44,-365.598,-1.47172,-0.623783,-0.168358,45.0463,98.38,3887.44,-365.598,-1.47172,-0.623783,-0.168358,45.0463,98.38,3887.44,-365.598,-1.47172,-0.623783,-0.168358,45.0463,98.38,3887.44,-365.598,-1.47172,-0.623783,-0.168358,45.0463,
18.5,101.574,4010.23,-378.649,-1.47172,-0.623782,-0.168365,45.0463,101.574,4010.23,-378.649,-1.47172,-0.623782,-0.168365,45.0463,101.574,4010.23,-378.649,-1.47172,-0.623782,-0.168365,45.0463,101.574,4010.23,-378.649,-1.47172,-0.623782,-0.168365,45.0463,101.574,4010.23,-378.649,-1.47172,-0.623782,-0.168365,45.0463,101.574,4010.23,-378.649,-1.47172,-0.623782,-0.168365,45.0463,
18.6,104.769,4132.04,-391.7,-1.47171,-0.62378,-0.168372,45.0463,104.769,4132.04,-391.7,-1.47171,-0.62378,-0.168372,45.0463,104.769,4132.04,-391.7,-1.47171,-0.62378,-0.168372,45.0463,104.769,4132.04,-391.7,-1.47171,-0.62378,-0.168372,45.0463,104.769,4132.04,-391.7,-1.47171,-0.62378,-0.168372,45.0463,104.769,4132.04,-391.7,-1.47171,-0.62378,-0.168372,45.0463,
18.7,107.963,4252.87,-404.752,-1.4717,-0.623779,-0.168379,45.0463,107.963,4252.87,-404.752,-1.4717,-0.623779,-0.168379,45.0463,107.963,4252.87,-404.752,-1.4717,-0.623779,-0.168379,45.0463,107.963,4252.87,-404.752,-1.4717,-0.623779,-0.168379,45.0463,107.963,4252.87,-404.752,-1.4717,-0.623779,-0.168379,45.0463,107.963,4252.87,-404.752,-1.4717,-0.623779,-0.168379,45.0463,
18.8,111.157,4372.72,-417.803,-1.47169,-0.623778,-0.168386,45.0463,111.157,4372.72,-417.803,-1.47169,-0.623778,-0.168386,45.0463,111.157,4372.72,-417.803,-1.47169,-0.623778,-0.168386,45.0463,111.157,4372.72,-417.803,-1.47169,-0.623778,-0.168386,45.0463,111.157,4372.72,-417.803,-1.47169,-0.623778,-0.168386,45.0463,111.157,4372.72,-417.803,-1.47169,-0.623778,-0.168386,45.0463,
18.9,114.352,4491.58,-430.855,-1.47168,-0.623777,-0.168393,45.0463,114.352,4491.58,-430.855,-1.47168,-0.623777,-0.168393,45.0463,114.352,4491.58,-430.855,-1.47168,-0.623777,-0.168393,45.0463,114.352,4491.58,-430.855,-1.47168,-0.623777,-0.168393,45.0463,114.352,4491.58,-430.855,-1.47168,-0.623777,-0.168393,45.0463,114.352,4491.58,-430.855,-1.47168,-0.623777,-0.168393,45.0463,
19,117.546,4609.46,-443.906,-1.47167,-0.623776,-0.1684,45.0463,117.546,4609.46,-443.906,-1.47167,-0.623776,-0.1684,45.0463,117.546,4609.46,-443.906,-1.47167,-0.623776,-0.1684,45.0463,117.546,4609.46,-443.906,-1.47167,-0.623776,-0.1684,45.0463,117.546,4609.46,-443.906,-1.47167,-0.623776,-0.1684,45.0463,117.546,4609.46,-443.906,-1.47167,-0.623776,-0.1684,45.0463,
19.1,120.74,4726.37,-456.958,-1.47167,-0.623775,-0.168407,45.0463,120.74,4726.37,-456.958,-1.47167,-0.623775,-0.168407,45.0463,120.74,4726.37,-456.958,-1.47167,-0.623775,-0.168407,45.0463,120.74,4726.37,-456.958,-1.47167,-0.623775,-0.168407,45.0463,120.74,4726.37,-456.958,-1.47167,-0.623775,-0.168407,45.0463,120.74,4726.37,-456.958,-1.47167,-0.623775,-0.168407,45.0463,
19.2,123.934,4842.29,-470.009,-1.47166,-0.623774,-0.168415,45.0463,123.934,4842.29,-470.009,-1.47166,-0.623774,-0.168415,45.0463,123.934,4842.29,-470.009,-1.47166,-0.623774,-0.168415,45.0463,123.934,4842.29,-470.009,-1.47166,-0.623774,-0.168415,45.0463,123.934,4842.29,-470.009,-1.47166,-0.623774,-0.168415,45.0463,123.934,4842.29,-470.009,-1.47166,-0.623774,-0.168415,45.0463,
19.3,127.129,4957.23,-483.061,-1.47165,-0.623772,-0.168422,45.0463,127.129,4957.23,-483.061,-1.47165,-0.623772,-0.168422,45.0463,127.129,4957.23,-483.061,-1.47165,-0.623772,-0.168422,45.0463,127.129,4957.23,-483.061,-1.47165,-0.623772,-0.168422,45.0463,127.129,4957.23,-483.061,-1.47165,-0.623772,-0.168422,45.0463,127.129,4957.23,-483.061,-1.47165,-0.623772,-0.168422,45.0463,
19.4,130.323,5071.19,-496.112,-1.47164,-0.623771,-0.168429,45.0463,130.323,5071.19,-496.112,-1.47164,-0.623771,-0.168429,45.0463,130.323,5071.19,-496.112,-1.47164,-0.623771,-0.168429,45.0463,130.323,5071.19,-496.112,-1.47164,-0.623771,-0.168429,45.0463,130.323,5071.19,-496.112,-1.47164,-0.623771,-0.168429,45.0463,130.323,5071.19,-496.112,-1.47164,-0.623771,-0.168429,45.0463,
19.5,133.517,5184.17,-509.164,-1.47163,-0.62377,-0.168436,45.0463,133.517,5184.17,-509.164,-1.47163,-0.62377,-0.168436,45.0463,133.517,5184.17,-509.164,-1.47163,-0.62377,-0.168436,45.0463,133.517,5184.17,-509.164,-1.47163,-0.62377,-0.168436,45.0463,133.517,5184.17,-509.164,-1.47163,-0.62377,-0.168436,45.0463,133.517,5184.17,-509.164,-1.47163,-0.62377,-0.168436,45.0463,
19.6,136.712,5296.17,-522.215,-1.47162,-0.623769,-0.168443,45.0463,136.712,5296.17,-522.215,-1.47162,-0.623769,-0.168443,45.0463,136.712,5296.17,-522.215,-1.47162,-0.623769,-0.168443,45.0463,136.712,5296.17,-522.215,-1.47162,-0.623769,-0.168443,45.0463,136.712,5296.17,-522.215,-1.47162,-0.623769,-0.168443,45.0463,136.712,5296.17,-522.215,-1.47162,-0.623769,-0.168443,45.0463,
19.7,139.906,5407.19,-535.267,-1.47162,-0.623768,-0.16845,45.0463,139.906,5407.19,-535.267,-1.47162,-0.623768,-0.16845,45.0463,139.906,5407.19,-535.267,-1.47162,-0.623768,-0.16845,45.0463,139.906,5407.19,-535.267,-1.47162,-0.623768,-0.16845,45.0463,139.906,5407.19,-535.267,-1.47162,-0.623768,-0.16845,45.0463,139.906,5407.19,-535.267,-1.47162,-0.623768,-0.16845,45.0463,
19.8,143.1,5517.22,-548.318,-1.47161,-0.623767,-0.168457,45.0463,143.1,5517.22,-548.318,-1.47161,-0.623767,-0.168457,45.0463,143.1,5517.22,-548.318,-1.47161,-0.623767,-0.168457,45.0463,143.1,5517.22,-548.318,-1.47161,-0.623767,-0.168457,45.0463,143.1,5517.22,-548.318,-1.47161,-0.623767,-0.168457,45.0463,143.1,5517.22,-548.318,-1.47161,-0.623767,-0.168457,45.0463,
19.9,146.295,5626.28,-561.369,-1.4716,-0.623766,-0.168464,45.0463,146.295,5626.28,-561.369,-1.4716,-0.623766,-0.168464,45.0463,146.295,5626.28,-561.369,-1.4716,-0.623766,-0.168464,45.0463,146.295,5626.28,-561.369,-1.4716,-0.623766,-0.168464,45.0463,146.295,5626.28,-561.369,-1.4716,-0.623766,-0.168464,45.0463,146.295,5626.28,-561.369,-1.4716,-0.623766,-0.168464,45.0463,
