tgDataLogger2 started logging at time 01242019_111124, with 2 sensors on 1 senseable objects.
time,0_rod(strut).X,0_rod(strut).Y,0_rod(strut).Z,0_rod(strut).Euler1,0_rod(strut).Euler2,0_rod(strut).Euler3,0_rod(strut).mass,1_rod(strut).X,1_rod(strut).Y,1_rod(strut).Z,1_rod(strut).Euler1,1_rod(strut).Euler2,1_rod(strut).Euler3,1_rod(strut).mass,
0.1,0.0290937,9.41822,0.0796189,-1.0373,-0.158504,0.453193,0.0149047,0.0258832,9.54055,-0.0787862,-0.760183,-1.08177,-1.47705,0.0151319,
0.2,0.0289723,7.94622,0.0787603,-1.02101,-0.127349,0.449844,0.0149047,0.0260028,8.07052,-0.0779404,-0.845118,-1.07752,-1.4026,0.0151319,
0.3,0.0289221,5.49383,0.0784645,-1.01666,-0.113256,0.452189,0.0149047,0.0260523,5.61888,-0.0776491,-0.878393,-1.07167,-1.37209,0.0151319,
0.4,0.0288616,2.0604,0.0781233,-1.01627,-0.106132,0.455561,0.0149047,0.0261119,2.18629,-0.077313,-0.891916,-1.0668,-1.35868,0.0151319,
0.5,0.175918,1.6002,0.286839,-0.598872,1.00311,1.04921,0.0149047,0.126438,1.78331,0.352333,-1.03816,0.239361,-0.924946,0.0151319,
0.6,0.144707,1.6,0.382061,0.358263,1.10827,1.89412,0.0149047,0.0839034,1.78751,0.440533,-1.10026,0.403828,-0.956066,0.0151319,
0.7,0.145976,1.6,0.381731,0.339939,1.11251,1.87793,0.0149047,0.0840989,1.78721,0.440199,-1.0889,0.394481,-0.949162,0.0151319,
0.8,0.147163,1.6,0.381225,0.321103,1.11601,1.86116,0.0149047,0.0849798,1.78691,0.439965,-1.08695,0.390893,-0.947904,0.0151319,
0.9,0.14818,1.6,0.380729,0.301525,1.11945,1.84368,0.0149047,0.0858585,1.78663,0.439841,-1.0872,0.389884,-0.948131,0.0151319,
1,0.144653,1.60017,0.384832,0.287154,1.14113,1.83328,0.0149047,0.0828355,1.78651,0.444694,-1.10029,0.401264,-0.968632,0.0151319,
1.1,0.138379,1.60011,0.392785,0.28753,1.16603,1.8362,0.0149047,0.076886,1.78654,0.454037,-1.11773,0.416019,-0.995521,0.0151319,
1.2,0.129435,1.60019,0.401391,0.292008,1.19726,1.84322,0.0149047,0.0686535,1.78652,0.464108,-1.13893,0.432584,-1.02979,0.0151319,
1.3,0.126234,1.6,0.40741,0.29935,1.21071,1.85197,0.0149047,0.0654506,1.78606,0.471106,-1.15393,0.44304,-1.04751,0.0151319,
1.4,0.124078,1.60007,0.410905,0.300087,1.22255,1.85393,0.0149047,0.0633679,1.78585,0.475255,-1.16507,0.451482,-1.0616,0.0151319,
1.5,0.122367,1.60001,0.414325,0.301337,1.23271,1.85599,0.0149047,0.0616901,1.78582,0.479217,-1.17454,0.456269,-1.07439,0.0151319,
1.6,0.121337,1.60001,0.417561,0.30377,1.24163,1.85916,0.0149047,0.0607217,1.78572,0.482959,-1.18263,0.461068,-1.08545,0.0151319,
1.7,0.118305,1.6,0.421601,0.310417,1.25315,1.8666,0.0149047,0.0577309,1.78559,0.487752,-1.19367,0.469317,-1.09988,0.0151319,
1.8,0.11658,1.6,0.425674,0.314154,1.26199,1.87099,0.0149047,0.0561269,1.78548,0.492089,-1.2022,0.473189,-1.11129,0.0151319,
1.9,0.114492,1.6,0.429153,0.319389,1.2723,1.87695,0.0149047,0.0542139,1.78554,0.496181,-1.21143,0.478851,-1.12417,0.0151319,
2,0.111988,1.60001,0.433051,0.328281,1.28319,1.88648,0.0149047,0.0519485,1.7855,0.500598,-1.22148,0.484549,-1.13818,0.0151319,
2.1,0.110827,1.6,0.437327,0.340786,1.28951,1.89915,0.0149047,0.0508519,1.78546,0.505229,-1.22835,0.48791,-1.14752,0.0151319,
2.2,0.108982,1.6,0.441837,0.354603,1.29789,1.9133,0.0149047,0.0491863,1.78546,0.510323,-1.23627,0.493498,-1.15877,0.0151319,
2.3,0.106556,1.60004,0.446771,0.370877,1.3083,1.93013,0.0149047,0.0471803,1.78547,0.515554,-1.24618,0.498304,-1.1729,0.0151319,
2.4,0.105501,1.60001,0.450718,0.380127,1.31516,1.93965,0.0149047,0.0463212,1.78557,0.519801,-1.25261,0.500885,-1.18225,0.0151319,
2.5,0.10482,1.60003,0.455011,0.393726,1.32027,1.95346,0.0149047,0.0457827,1.78545,0.524459,-1.25775,0.50414,-1.18967,0.0151319,
2.6,0.104124,1.6,0.459101,0.40401,1.32611,1.96399,0.0149047,0.0452792,1.78562,0.528806,-1.26354,0.50625,-1.19799,0.0151319,
2.7,0.103375,1.60002,0.463059,0.4192,1.33174,1.97942,0.0149047,0.0447238,1.78555,0.533254,-1.26876,0.510432,-1.20585,0.0151319,
2.8,0.10212,1.6,0.467533,0.434573,1.33882,1.99509,0.0149047,0.0438128,1.78564,0.538002,-1.27535,0.512938,-1.21586,0.0151319,
2.9,0.100912,1.60004,0.47225,0.45461,1.34568,2.01545,0.0149047,0.0429475,1.78567,0.543076,-1.28197,0.516605,-1.22584,0.0151319,
3,0.0998449,1.6,0.476915,0.475063,1.35128,2.03606,0.0149047,0.0421641,1.78567,0.548202,-1.28714,0.519662,-1.23427,0.0151319,
3.1,0.0996232,1.60002,0.480583,0.484617,1.35708,2.04603,0.0149047,0.0422906,1.78573,0.551784,-1.29286,0.520918,-1.24235,0.0151319,
3.2,0.0982428,1.6,0.485195,0.509775,1.36414,2.07145,0.0149047,0.0413058,1.78582,0.556818,-1.2997,0.523614,-1.2531,0.0151319,
3.3,0.0974588,1.60004,0.489828,0.536516,1.37156,2.09855,0.0149047,0.0410746,1.78603,0.561806,-1.30607,0.526399,-1.264,0.0151319,
3.4,0.0965111,1.60001,0.495313,0.577216,1.37863,2.13953,0.0149047,0.0407301,1.78605,0.567768,-1.3128,0.529972,-1.27586,0.0151319,
3.5,0.094632,1.6,0.500756,0.612074,1.38556,2.17478,0.0149047,0.0394104,1.786,0.573562,-1.31954,0.533134,-1.28709,0.0151319,
3.6,0.0929672,1.6,0.506627,0.656784,1.39202,2.21982,0.0149047,0.0383541,1.78617,0.579939,-1.32607,0.536701,-1.29869,0.0151319,
3.7,0.09147,1.60008,0.512143,0.700404,1.40003,2.26417,0.0149047,0.0376421,1.78636,0.58566,-1.33391,0.538992,-1.31196,0.0151319,
3.8,0.0891389,1.60001,0.518458,0.762119,1.40805,2.32627,0.0149047,0.0361299,1.78631,0.592689,-1.34202,0.543412,-1.3268,0.0151319,
3.9,0.0880014,1.6,0.522408,0.790837,1.41208,2.35531,0.0149047,0.0354166,1.78644,0.596895,-1.34786,0.545239,-1.33502,0.0151319,
4,0.0873097,1.6,0.524648,0.805058,1.41516,2.36978,0.0149047,0.0350127,1.78635,0.599341,-1.35101,0.546553,-1.33974,0.0151319,
4.1,0.0865856,1.60001,0.526701,0.818141,1.41846,2.38313,0.0149047,0.0345258,1.78633,0.601614,-1.35397,0.547427,-1.34441,0.0151319,
4.2,0.0860878,1.60002,0.529263,0.83597,1.42085,2.40119,0.0149047,0.0342495,1.78633,0.604397,-1.35648,0.548397,-1.34874,0.0151319,
4.3,0.0853063,1.60006,0.531437,0.851597,1.42395,2.4171,0.0149047,0.033724,1.78637,0.606735,-1.35923,0.548983,-1.35339,0.0151319,
4.4,0.0846213,1.6,0.533763,0.870351,1.42624,2.43598,0.0149047,0.0332644,1.78632,0.609311,-1.36168,0.549956,-1.35767,0.0151319,
4.5,0.0843056,1.6,0.536146,0.889302,1.42916,2.45517,0.0149047,0.0332512,1.78628,0.61189,-1.36379,0.550753,-1.36209,0.0151319,
4.6,0.0835526,1.60007,0.538374,0.904886,1.43196,2.47109,0.0149047,0.0327408,1.78638,0.614223,-1.36676,0.551136,-1.36657,0.0151319,
4.7,0.082853,1.60003,0.540902,0.927325,1.43394,2.49367,0.0149047,0.0322934,1.78632,0.61697,-1.36904,0.551978,-1.37077,0.0151319,
4.8,0.082155,1.6,0.54339,0.949507,1.4358,2.51597,0.0149047,0.0318196,1.7863,0.619699,-1.37126,0.552714,-1.37496,0.0151319,
4.9,0.0817425,1.6,0.54557,0.96895,1.43839,2.53564,0.0149047,0.0316809,1.78632,0.622036,-1.37347,0.553403,-1.37918,0.0151319,
5,0.0811078,1.60002,0.547745,0.992258,1.44067,2.55919,0.0149047,0.0313046,1.78626,0.624447,-1.37599,0.554512,-1.38362,0.0151319,
5.1,0.0805161,1.6,0.550252,1.01937,1.44312,2.58652,0.0149047,0.0310355,1.78626,0.627105,-1.3786,0.554826,-1.38863,0.0151319,
5.2,0.07983,1.60001,0.552492,1.04899,1.4454,2.61639,0.0149047,0.0306811,1.78625,0.629655,-1.38103,0.556069,-1.39353,0.0151319,
5.3,0.0793407,1.60007,0.555214,1.07685,1.44736,2.64456,0.0149047,0.0305347,1.78634,0.632464,-1.38374,0.556379,-1.39832,0.0151319,
5.4,0.0787836,1.60002,0.557452,1.10406,1.44922,2.67191,0.0149047,0.0302428,1.78625,0.634983,-1.38617,0.557578,-1.40274,0.0151319,
5.5,0.0780525,1.6,0.559914,1.13247,1.45086,2.70049,0.0149047,0.0297888,1.78625,0.637655,-1.38853,0.558158,-1.40722,0.0151319,
5.6,0.0773,1.60001,0.56244,1.16016,1.45245,2.72839,0.0149047,0.029309,1.78623,0.64032,-1.39117,0.558753,-1.41167,0.0151319,
5.7,0.0767207,1.60001,0.564569,1.18347,1.45384,2.75189,0.0149047,0.0289342,1.78623,0.642658,-1.39343,0.559513,-1.41544,0.0151319,
5.8,0.076114,1.60001,0.566848,1.20841,1.45542,2.77702,0.0149047,0.0285829,1.78623,0.645057,-1.39538,0.560077,-1.41922,0.0151319,
5.9,0.0759335,1.60003,0.569572,1.24263,1.4567,2.81147,0.0149047,0.0287585,1.78636,0.647933,-1.39739,0.560318,-1.42381,0.0151319,
6,0.0753915,1.60007,0.571818,1.26906,1.45756,2.8381,0.0149047,0.0284586,1.78632,0.650307,-1.39983,0.560951,-1.42772,0.0151319,
6.1,0.0748636,1.60007,0.57438,1.30441,1.45906,2.8737,0.0149047,0.0282515,1.78631,0.653073,-1.4025,0.561622,-1.43269,0.0151319,
6.2,0.0742766,1.6,0.577064,1.33653,1.45928,2.90591,0.0149047,0.0279392,1.78621,0.655969,-1.40472,0.562399,-1.43682,0.0151319,
6.3,0.0735681,1.60001,0.579256,1.36833,1.46049,2.93794,0.0149047,0.0274987,1.78623,0.658332,-1.40715,0.563087,-1.44121,0.0151319,
6.4,0.073175,1.6,0.581808,1.40281,1.46096,2.97261,0.0149047,0.0274199,1.78623,0.661065,-1.40955,0.563575,-1.44571,0.0151319,
6.5,0.0724755,1.60001,0.584187,1.43603,1.46197,3.00604,0.0149047,0.02703,1.78622,0.663608,-1.41171,0.564261,-1.44995,0.0151319,
6.6,0.0718517,1.6,0.586524,1.47068,1.4626,3.04089,0.0149047,0.0267106,1.78626,0.666137,-1.41415,0.564725,-1.45449,0.0151319,
6.7,0.0715042,1.60002,0.589197,1.50992,1.4625,3.0804,0.0149047,0.0267302,1.78623,0.668999,-1.4163,0.565607,-1.45916,0.0151319,
6.8,0.0710625,1.6,0.59154,1.54588,1.46248,3.11653,0.0149047,0.0265934,1.7863,0.671685,-1.4185,0.566554,-1.46355,0.0151319,
6.9,0.0710625,1.6,0.59154,1.54588,1.46248,3.11653,0.0149047,0.0264046,1.78624,0.671769,-1.41855,0.566308,-1.46356,0.0151319,
7,0.0710625,1.6,0.59154,1.54588,1.46248,3.11653,0.0149047,0.0263306,1.78621,0.671805,-1.41865,0.566209,-1.46363,0.0151319,
7.1,0.128458,1.7127,0.60936,1.54588,1.46248,3.11653,0.0149047,0.0321549,1.95235,0.695485,-2.29621,0.400666,-1.8494,0.0151319,
7.2,0.190313,1.82964,0.625968,1.54588,1.46248,3.11653,0.0149047,0.0975479,2.03862,0.62462,-2.26626,0.237874,-1.74309,0.0151319,
7.3,0.190313,1.82964,0.625968,1.54588,1.46248,3.11653,0.0149047,0.0827209,2.03992,0.624796,-2.0379,0.291445,-1.68181,0.0151319,
7.4,0.190349,1.85396,0.629093,1.54588,1.46248,3.11653,0.0149047,0.0784535,2.08329,0.639202,-2.01049,0.258711,-1.65618,0.0151319,
7.5,0.190742,2.10386,0.657385,1.54588,1.46248,3.11653,0.0149047,0.199591,2.29698,0.794217,-0.549107,0.310613,-1.05795,0.0151319,
7.6,0.139469,2.32675,0.676265,1.54588,1.46248,3.11653,0.0149047,0.100191,2.69456,0.701656,-2.60236,0.220299,-1.82621,0.0151319,
7.7,0.104562,2.52656,0.688485,1.54588,1.46248,3.11653,0.0149047,0.100078,2.78973,0.778812,-0.641335,0.320006,-1.14726,0.0151319,
7.8,0.0769138,2.74463,0.696809,1.54588,1.46248,3.11653,0.0149047,-0.0563776,3.02929,0.704873,-2.28204,0.244501,-1.80554,0.0151319,
7.9,0.077321,2.80857,0.698414,1.54588,1.46248,3.11653,0.0149047,-0.0125445,2.97992,0.805382,-2.37708,0.546485,-2.04134,0.0151319,
8,0.077321,2.80857,0.698414,1.54588,1.46248,3.11653,0.0149047,-0.0261287,2.97367,0.813112,-2.10403,0.651351,-1.89713,0.0151319,
8.1,0.077321,2.80857,0.698414,1.54588,1.46248,3.11653,0.0149047,-0.0297483,2.97039,0.817081,-2.05584,0.670895,-1.87308,0.0151319,
8.2,0.077321,2.80857,0.698414,1.54588,1.46248,3.11653,0.0149047,-0.0301855,2.9664,0.821951,-2.04683,0.68982,-1.87538,0.0151319,
8.3,0.077321,2.80857,0.698414,1.54588,1.46248,3.11653,0.0149047,-0.0298611,2.96204,0.827027,-2.04561,0.709569,-1.88296,0.0151319,
8.4,0.0773839,2.4676,0.698677,1.55087,1.43892,3.12145,0.0149047,-0.0294021,2.61693,0.831873,-2.05022,0.727902,-1.89383,0.0151319,
8.5,0.0536132,1.6,0.73135,-1.36752,1.43429,0.20513,0.0149047,-0.0370684,1.80202,0.729742,-1.79153,0.154255,-1.54728,0.0151319,
8.6,0.056997,1.6,0.629469,-1.50596,0.668653,0.104347,0.0149047,-0.0188126,1.76034,0.497724,-1.83702,-0.444505,-1.35401,0.0151319,
8.7,0.0579629,1.6,0.626556,-1.51066,0.654217,0.0986272,0.0149047,-0.0178369,1.75971,0.493731,-1.84007,-0.442868,-1.35892,0.0151319,
8.8,0.0586288,1.6,0.625906,-1.51118,0.651767,0.0980837,0.0149047,-0.0170984,1.75951,0.492677,-1.84119,-0.442201,-1.35968,0.0151319,
8.9,0.0589431,1.6,0.625713,-1.51126,0.6522,0.097892,0.0149047,-0.0167829,1.75943,0.492305,-1.84142,-0.441944,-1.36007,0.0151319,
9,0.0590554,1.6,0.625733,-1.51117,0.653428,0.09788,0.0149047,-0.0166738,1.75937,0.492201,-1.84147,-0.441758,-1.36022,0.0151319,
9.1,0.0590722,1.6,0.625855,-1.51101,0.654898,0.0979636,0.0149047,-0.0166547,1.75932,0.492206,-1.8415,-0.441571,-1.36026,0.0151319,
9.2,0.0590369,1.6,0.626023,-1.5108,0.656444,0.0981066,0.0149047,-0.0166783,1.75927,0.492253,-1.84148,-0.441382,-1.36026,0.0151319,
9.3,0.058861,1.6,0.626347,-1.51047,0.65806,0.0984434,0.0149047,-0.0168204,1.75921,0.492446,-1.84153,-0.441144,-1.36007,0.0151319,
9.4,0.058703,1.6,0.626669,-1.51014,0.659748,0.0987642,0.0149047,-0.0169499,1.75916,0.492635,-1.84161,-0.440896,-1.35986,0.0151319,
9.5,0.0584978,1.6,0.627016,-1.50977,0.661312,0.0991629,0.0149047,-0.0171084,1.7591,0.492836,-1.84162,-0.440644,-1.35967,0.0151319,
9.6,0.0583275,1.6,0.627356,-1.50942,0.663013,0.0995143,0.0149047,-0.0172455,1.75904,0.493035,-1.8417,-0.440386,-1.35946,0.0151319,
9.7,0.0582256,1.6,0.627623,-1.50913,0.664776,0.0997658,0.0149047,-0.0173255,1.75898,0.493165,-1.84173,-0.440149,-1.35936,0.0151319,
9.8,0.0581654,1.6,0.62785,-1.50886,0.666581,0.0999643,0.0149047,-0.0173693,1.75892,0.493253,-1.84173,-0.43992,-1.35932,0.0151319,
9.9,0.0580837,1.6,0.628104,-1.50857,0.668439,0.100198,0.0149047,-0.0174304,1.75886,0.493365,-1.84173,-0.439681,-1.35926,0.0151319,
10,0.0579569,1.59999,0.628416,-1.50822,0.670347,0.100509,0.0149047,-0.017528,1.7588,0.493524,-1.84175,-0.439421,-1.35915,0.0151319,
10.1,0.0577801,1.59999,0.628793,-1.50782,0.672288,0.100919,0.0149047,-0.017665,1.75873,0.49374,-1.8418,-0.439139,-1.35898,0.0151319,
10.2,0.0575802,1.59999,0.629205,-1.50737,0.674259,0.101385,0.0149047,-0.0178189,1.75866,0.493983,-1.84185,-0.438843,-1.35879,0.0151319,
10.3,0.057384,1.59999,0.629618,-1.50691,0.676272,0.101851,0.0149047,-0.0179685,1.75859,0.494223,-1.84189,-0.438545,-1.35862,0.0151319,
10.4,0.0571879,1.6,0.629955,-1.50653,0.677664,0.102278,0.0149047,-0.018102,1.75852,0.494366,-1.84185,-0.438274,-1.35846,0.0151319,
10.5,0.0570048,1.6,0.630323,-1.50613,0.679371,0.102701,0.0149047,-0.0182362,1.75846,0.494566,-1.84188,-0.437995,-1.35829,0.0151319,
10.6,0.0568265,1.6,0.630695,-1.50572,0.681187,0.103126,0.0149047,-0.0183677,1.75839,0.494775,-1.84188,-0.437729,-1.35816,0.0151319,
10.7,0.0566538,1.6,0.631065,-1.5053,0.683058,0.103545,0.0149047,-0.0184941,1.75832,0.494982,-1.84187,-0.437467,-1.35805,0.0151319,
10.8,0.0564867,1.6,0.631433,-1.50488,0.684966,0.103959,0.0149047,-0.0186149,1.75826,0.495185,-1.84185,-0.437205,-1.35796,0.0151319,
10.9,0.056325,1.59999,0.631797,-1.50447,0.686907,0.104367,0.0149047,-0.0187302,1.75819,0.495382,-1.84181,-0.436945,-1.35788,0.0151319,
11,0.0561684,1.59999,0.632158,-1.50405,0.688876,0.104769,0.0149047,-0.0188402,1.75812,0.495574,-1.84176,-0.436684,-1.35782,0.0151319,
11.1,0.0560166,1.59999,0.632516,-1.50364,0.690873,0.105167,0.0149047,-0.0189449,1.75805,0.495761,-1.84169,-0.436424,-1.35779,0.0151319,
11.2,0.0558694,1.59999,0.63287,-1.50322,0.692894,0.10556,0.0149047,-0.0190448,1.75797,0.495943,-1.84161,-0.436165,-1.35776,0.0151319,
11.3,0.0557263,1.59998,0.633222,-1.5028,0.694937,0.105948,0.0149047,-0.0191399,1.7579,0.496121,-1.84151,-0.435906,-1.35776,0.0151319,
11.4,0.055582,1.6,0.633547,-1.50242,0.69672,0.106326,0.0149047,-0.0192281,1.75783,0.496254,-1.84136,-0.43569,-1.35775,0.0151319,
11.5,0.0554401,1.6,0.63383,-1.50208,0.698139,0.106665,0.0149047,-0.0193093,1.75776,0.496355,-1.84124,-0.435426,-1.35772,0.0151319,
11.6,0.0553062,1.6,0.634136,-1.50172,0.699806,0.107012,0.0149047,-0.0193932,1.75769,0.496499,-1.84113,-0.435196,-1.35772,0.0151319,
11.7,0.0551744,1.6,0.634447,-1.50135,0.701548,0.107361,0.0149047,-0.0194765,1.75763,0.496651,-1.841,-0.434979,-1.35774,0.0151319,
11.8,0.0550444,1.6,0.634759,-1.50098,0.703318,0.107709,0.0149047,-0.0195578,1.75756,0.496806,-1.84086,-0.434767,-1.35778,0.0151319,
11.9,0.0549159,1.6,0.635069,-1.50061,0.705099,0.108056,0.0149047,-0.0196373,1.7575,0.496959,-1.84071,-0.434558,-1.35783,0.0151319,
12,0.054864,1.6,0.635195,-1.50045,0.705822,0.108196,0.0149047,-0.019642,1.75742,0.49691,-1.84058,-0.434304,-1.35785,0.0151319,
12.1,0.109358,1.67858,0.647385,-1.50045,0.705822,0.108196,0.0149047,0.141796,1.83344,0.501709,-0.705683,-0.394933,-1.83245,0.0151319,
12.2,0.137135,1.91334,0.67645,-1.50045,0.705822,0.108196,0.0149047,0.0570978,2.11271,0.654464,-2.5643,0.0287562,-1.46805,0.0151319,
12.3,0.137563,2.04273,0.689359,-1.50045,0.705822,0.108196,0.0149047,0.102306,2.1917,0.449468,-1.45801,-0.775254,-1.56852,0.0151319,
12.4,0.137652,2.06851,0.691688,-1.50045,0.705822,0.108196,0.0149047,0.160037,2.19454,0.526721,-0.860516,-0.557878,-1.9017,0.0151319,
12.5,0.137741,2.09425,0.693931,-1.50045,0.705822,0.108196,0.0149047,0.0639995,2.2427,0.546385,-2.25478,-0.382796,-1.16052,0.0151319,
12.6,0.137831,2.11995,0.696092,-1.50045,0.705822,0.108196,0.0149047,0.146393,2.27713,0.566956,-0.746843,-0.426657,-1.86162,0.0151319,
12.7,0.137922,2.14562,0.698169,-1.50045,0.705822,0.108196,0.0149047,0.0669711,2.30827,0.570166,-2.39209,-0.260722,-1.16755,0.0151319,
12.8,0.138014,2.17124,0.700163,-1.50045,0.705822,0.108196,0.0149047,0.140922,2.33473,0.580539,-0.400497,-0.292851,-1.96372,0.0151319,
12.9,0.138107,2.19684,0.702074,-1.50045,0.705822,0.108196,0.0149047,0.0651129,2.3599,0.574247,-2.42346,-0.244692,-1.16534,0.0151319,
13,0.138107,2.19684,0.702074,-1.50045,0.705822,0.108196,0.0149047,0.0458641,2.35459,0.564675,-2.10696,-0.384027,-1.24538,0.0151319,
13.1,0.138107,2.19684,0.702074,-1.50045,0.705822,0.108196,0.0149047,0.0407377,2.3522,0.560725,-2.0558,-0.409265,-1.25939,0.0151319,
13.2,0.138107,2.19684,0.702074,-1.50045,0.705822,0.108196,0.0149047,0.039845,2.34952,0.556973,-2.04838,-0.423667,-1.25623,0.0151319,
13.3,0.138107,2.19684,0.702074,-1.50045,0.705822,0.108196,0.0149047,0.0398676,2.3466,0.553153,-2.05019,-0.436705,-1.24897,0.0151319,
13.4,-0.501215,3.61561,0.651279,-1.50045,0.705822,0.108196,0.0149047,-0.411009,4.09276,1.18693,0.087009,1.24297,-1.81761,0.0151319,
13.5,-1.04865,4.9518,0.335057,-0.744316,1.44276,0.814777,0.0149047,-1.19555,4.96092,0.0972464,-0.503833,0.861927,-0.508524,0.0151319,
13.6,-1.0451,4.27802,0.269933,2.15358,-1.09154,2.35713,0.0149047,-1.07414,4.45499,0.141887,1.06875,0.422799,1.1356,0.0151319,
13.7,-0.984324,2.71152,0.12777,-2.34244,-0.45396,0.271263,0.0149047,-1.00909,2.88112,0.262407,0.888964,-0.991349,1.47508,0.0151319,
13.8,-0.954061,1.81075,0.144346,-2.26578,0.164358,-0.0300259,0.0149047,-1.01603,1.83594,0.345317,-1.20234,-1.34173,-2.70381,0.0151319,
13.9,-0.928929,1.82712,0.244088,-2.49284,0.360941,-0.309432,0.0149047,-0.983779,1.7943,0.446488,-1.47494,-1.02487,-2.52624,0.0151319,
14,-0.813107,1.75529,0.423569,3.08298,0.364852,-1.18322,0.0149047,-0.861832,1.6,0.559956,-1.65807,-0.23735,-2.78534,0.0151319,
14.1,-0.804067,1.74894,0.416974,3.08994,0.369882,-1.13977,0.0149047,-0.855542,1.6,0.559597,-1.67991,-0.283224,-2.76798,0.0151319,
14.2,-0.802599,1.74888,0.415901,3.09036,0.367318,-1.13971,0.0149047,-0.853676,1.6,0.558841,-1.68248,-0.288794,-2.76645,0.0151319,
14.3,-0.801868,1.74891,0.415267,3.08953,0.367261,-1.13986,0.0149047,-0.852776,1.6,0.558171,-1.6839,-0.291569,-2.76527,0.0151319,
14.4,-0.801612,1.74898,0.414992,3.08862,0.367834,-1.13998,0.0149047,-0.852392,1.6,0.557766,-1.68485,-0.293416,-2.7645,0.0151319,
14.5,-0.801399,1.74904,0.414752,3.08763,0.368508,-1.14013,0.0149047,-0.852067,1.6,0.557391,-1.68578,-0.295275,-2.76378,0.0151319,
14.6,-0.801224,1.7491,0.414542,3.08666,0.369214,-1.14027,0.0149047,-0.851783,1.6,0.557044,-1.68669,-0.297112,-2.76312,0.0151319,
14.7,-0.801097,1.74917,0.414371,3.08574,0.369914,-1.1404,0.0149047,-0.851544,1.6,0.556733,-1.68754,-0.298868,-2.76254,0.0151319,
14.8,-0.800946,1.74923,0.414182,3.08481,0.370591,-1.14052,0.0149047,-0.851284,1.6,0.556407,-1.68842,-0.30064,-2.76192,0.0151319,
14.9,-0.800781,1.74929,0.41398,3.08389,0.371258,-1.14065,0.0149047,-0.851012,1.6,0.55607,-1.68931,-0.302447,-2.7613,0.0151319,
15,-0.800613,1.74936,0.413778,3.08298,0.371912,-1.14078,0.0149047,-0.85074,1.6,0.555734,-1.6902,-0.304249,-2.76069,0.0151319,
15.1,-0.80043,1.74942,0.413561,3.08206,0.372565,-1.14092,0.0149047,-0.850455,1.6,0.555384,-1.69111,-0.306078,-2.76004,0.0151319,
15.2,-0.800237,1.74948,0.413339,3.08108,0.37327,-1.14108,0.0149047,-0.850172,1.6,0.555028,-1.69211,-0.308024,-2.75925,0.0151319,
15.3,-0.800107,1.74954,0.41317,3.08017,0.373969,-1.14121,0.0149047,-0.849945,1.6,0.554719,-1.69305,-0.309856,-2.75855,0.0151319,
15.4,-0.800022,1.74961,0.413042,3.07933,0.374634,-1.14131,0.0149047,-0.849757,1.6,0.554448,-1.69391,-0.311578,-2.75796,0.0151319,
15.5,-0.799895,1.74967,0.412877,3.07845,0.375303,-1.14143,0.0149047,-0.849536,1.6,0.554146,-1.69484,-0.313396,-2.75728,0.0151319,
15.6,-0.799786,1.74973,0.412729,3.07761,0.375956,-1.14153,0.0149047,-0.849331,1.6,0.553859,-1.69573,-0.315167,-2.75664,0.0151319,
15.7,-0.799683,1.7498,0.412587,3.07679,0.376593,-1.14163,0.0149047,-0.849133,1.6,0.55358,-1.69662,-0.316917,-2.75602,0.0151319,
15.8,-0.799583,1.74986,0.412449,3.07598,0.377214,-1.14173,0.0149047,-0.848938,1.6,0.553305,-1.6975,-0.318651,-2.7554,0.0151319,
15.9,-0.799484,1.74992,0.412313,3.07519,0.37782,-1.14182,0.0149047,-0.848745,1.6,0.553033,-1.69837,-0.32037,-2.7548,0.0151319,
16,-0.799386,1.74998,0.412179,3.07442,0.37841,-1.14191,0.0149047,-0.848555,1.6,0.552765,-1.69923,-0.322075,-2.75421,0.0151319,
16.1,-0.799289,1.75004,0.412048,3.07367,0.378986,-1.14199,0.0149047,-0.848366,1.6,0.5525,-1.70009,-0.323766,-2.75363,0.0151319,
16.2,-0.799269,1.75011,0.41202,3.07302,0.379423,-1.142,0.0149047,-0.848238,1.6,0.55232,-1.70067,-0.32491,-2.75324,0.0151319,
16.3,-0.799384,1.75019,0.412176,3.07266,0.379553,-1.14187,0.0149047,-0.848238,1.6,0.55232,-1.70067,-0.32491,-2.75324,0.0151319,
16.4,-0.753792,1.75532,0.433382,-2.82085,0.177113,-1.04397,0.0149047,-0.822081,1.59989,0.555913,-1.70067,-0.32491,-2.75324,0.0151319,
16.5,-0.714574,1.90976,0.437515,3.11013,0.367751,-1.13563,0.0149047,-0.793809,1.67635,0.571421,-1.70067,-0.32491,-2.75324,0.0151319,
16.6,-0.670714,2.00863,0.481265,-3.11439,0.341378,-1.2635,0.0149047,-0.766227,1.72741,0.582405,-1.70067,-0.32491,-2.75324,0.0151319,
16.7,-0.741476,1.95608,0.488156,2.30668,0.460465,-1.61258,0.0149047,-0.764784,1.77888,0.589622,-1.70067,-0.32491,-2.75324,0.0151319,
16.8,-0.671916,2.07052,0.474578,2.80168,0.447812,-1.34135,0.0149047,-0.737196,1.82982,0.599823,-1.70067,-0.32491,-2.75324,0.0151319,
16.9,-0.701826,2.08024,0.506356,2.37109,0.473554,-1.53869,0.0149047,-0.734958,1.90671,0.609491,-1.70067,-0.32491,-2.75324,0.0151319,
17,-0.665973,2.32151,0.63142,-3.02008,0.362033,-1.5179,0.0149047,-0.731849,2.00883,0.621203,-1.70067,-0.32491,-2.75324,0.0151319,
17.1,-0.654356,2.30439,0.527593,2.39749,0.572941,-1.45468,0.0149047,-0.701857,2.13549,0.637179,-1.70067,-0.32491,-2.75324,0.0151319,
17.2,-0.604601,2.60793,0.657364,-2.13671,0.194947,-1.3007,0.0149047,-0.670147,2.31161,0.65471,-1.70067,-0.32491,-2.75324,0.0151319,
17.3,-0.552095,2.45541,0.513623,-2.73186,-0.0175414,-0.870444,0.0149047,-0.669292,2.33665,0.656449,-1.70067,-0.32491,-2.75324,0.0151319,
17.4,-0.548017,2.45791,0.514254,-2.75175,0.0352669,-0.894627,0.0149047,-0.669292,2.33665,0.656449,-1.70067,-0.32491,-2.75324,0.0151319,
17.5,-0.546959,2.45648,0.512455,-2.76454,0.0504138,-0.893045,0.0149047,-0.669292,2.33665,0.656449,-1.70067,-0.32491,-2.75324,0.0151319,
17.6,-0.546823,2.45416,0.510138,-2.7753,0.056208,-0.885744,0.0149047,-0.669292,2.33665,0.656449,-1.70067,-0.32491,-2.75324,0.0151319,
17.7,-0.547019,2.45174,0.507811,-2.78552,0.0598813,-0.877649,0.0149047,-0.669292,2.33665,0.656449,-1.70067,-0.32491,-2.75324,0.0151319,
17.8,-0.547371,2.44941,0.505605,-2.79547,0.0633065,-0.869898,0.0149047,-0.669292,2.33665,0.656449,-1.70067,-0.32491,-2.75324,0.0151319,
17.9,-0.547821,2.44724,0.503553,-2.80512,0.0669403,-0.862745,0.0149047,-0.669292,2.33665,0.656449,-1.70067,-0.32491,-2.75324,0.0151319,
18,-0.607459,2.70255,0.711164,-1.86255,0.257811,-1.2927,0.0149047,-0.664906,2.46129,0.663966,-1.70067,-0.32491,-2.75324,0.0151319,
18.1,-0.55217,2.56687,0.512658,-2.86228,0.0841558,-0.77801,0.0149047,-0.664906,2.46129,0.663966,-1.70067,-0.32491,-2.75324,0.0151319,
18.2,-0.580098,2.70965,0.656787,-1.98739,0.117587,-1.23231,0.0149047,-0.663101,2.51085,0.666432,-1.70067,-0.32491,-2.75324,0.0151319,
18.3,-0.600737,2.81897,0.603158,2.97945,0.383781,-1.43785,0.0149047,-0.662188,2.53557,0.66755,-1.70067,-0.32491,-2.75324,0.0151319,
18.4,-0.636454,2.7133,0.571248,2.84212,0.411072,-1.35809,0.0149047,-0.662188,2.53557,0.66755,-1.70067,-0.32491,-2.75324,0.0151319,
18.5,-0.643399,2.71417,0.568868,2.91895,0.393157,-1.34695,0.0149047,-0.662188,2.53557,0.66755,-1.70067,-0.32491,-2.75324,0.0151319,
18.6,-0.644577,2.7136,0.566684,2.93749,0.390841,-1.3386,0.0149047,-0.662188,2.53557,0.66755,-1.70067,-0.32491,-2.75324,0.0151319,
18.7,-0.644333,2.71265,0.564549,2.94166,0.391976,-1.33101,0.0149047,-0.662188,2.53557,0.66755,-1.70067,-0.32491,-2.75324,0.0151319,
18.8,-0.643724,2.71158,0.562393,2.94239,0.393904,-1.32348,0.0149047,-0.662188,2.53557,0.66755,-1.70067,-0.32491,-2.75324,0.0151319,
18.9,-0.643008,2.71043,0.560195,2.94236,0.396031,-1.31577,0.0149047,-0.662188,2.53557,0.66755,-1.70067,-0.32491,-2.75324,0.0151319,
19,-0.642243,2.70922,0.557949,2.94224,0.398226,-1.30782,0.0149047,-0.662188,2.53557,0.66755,-1.70067,-0.32491,-2.75324,0.0151319,
19.1,-0.641444,2.70794,0.555655,2.94222,0.400462,-1.29958,0.0149047,-0.662188,2.53557,0.66755,-1.70067,-0.32491,-2.75324,0.0151319,
19.2,0.157294,5.84583,0.380225,1.7795,-0.864513,0.639359,0.0149047,0.644531,5.81709,0.176877,-1.72049,-0.573651,-2.77408,0.0151319,
19.3,-0.163489,3.61824,1.16856,1.61474,-0.40828,0.00372392,0.0149047,0.0648319,3.77527,0.860404,-2.2517,-1.17308,2.53353,0.0151319,
19.4,-0.572529,1.85906,1.70736,2.4927,-0.549483,0.0461142,0.0149047,-0.663099,1.91958,1.51254,-1.91841,-0.946325,3.03804,0.0151319,
19.5,-1.46589,1.85906,1.90861,0.518165,-0.256909,-0.740297,0.0149047,-1.3445,1.69549,1.80321,1.68521,-1.12519,-2.96769,0.0151319,
19.6,-2.01103,1.792,2.09283,2.95603,0.406288,1.99346,0.0149047,-2.09173,1.6,2.13647,1.50069,0.230158,-0.298635,0.0151319,
19.7,-2.28295,1.7768,2.35814,2.93998,-0.12554,1.23544,0.0149047,-2.35385,1.60001,2.26458,1.5196,-0.596897,0.0909469,0.0151319,
19.8,-2.28956,1.76123,2.44451,2.94072,-0.199982,1.10807,0.0149047,-2.36778,1.6,2.33052,1.461,-0.743658,0.161426,0.0151319,
19.9,-2.28938,1.76131,2.44428,2.93803,-0.202101,1.10845,0.0149047,-2.36772,1.6,2.33049,1.46122,-0.742704,0.161272,0.0151319,
20,-2.28935,1.76136,2.44421,2.93709,-0.202903,1.10852,0.0149047,-2.36767,1.6,2.33053,1.46108,-0.743332,0.16136,0.0151319,
20.1,-2.2893,1.7614,2.44415,2.93645,-0.203353,1.10853,0.0149047,-2.36755,1.6,2.33054,1.46089,-0.744243,0.161481,0.0151319,
20.2,-2.28923,1.76144,2.44409,2.93587,-0.2037,1.10852,0.0149047,-2.3674,1.6,2.33055,1.46068,-0.745248,0.161614,0.0151319,
20.3,-2.28916,1.76148,2.44403,2.9353,-0.204018,1.10851,0.0149047,-2.36725,1.6,2.33055,1.46047,-0.746274,0.161748,0.0151319,
20.4,-2.28909,1.76152,2.44396,2.93472,-0.204328,1.1085,0.0149047,-2.36708,1.6,2.33055,1.46025,-0.747311,0.161884,0.0151319,
20.5,-2.28901,1.76155,2.44389,2.93412,-0.20464,1.10848,0.0149047,-2.36691,1.6,2.33055,1.46003,-0.748355,0.16202,0.0151319,
20.6,-2.28893,1.76159,2.44382,2.93352,-0.204954,1.10847,0.0149047,-2.36674,1.6,2.33054,1.45981,-0.749405,0.162158,0.0151319,
20.7,-2.28885,1.76163,2.44375,2.93291,-0.205273,1.10846,0.0149047,-2.36657,1.6,2.33054,1.45959,-0.750462,0.162298,0.0151319,
20.8,-2.28877,1.76167,2.44367,2.93229,-0.205596,1.10845,0.0149047,-2.36639,1.6,2.33053,1.45937,-0.751524,0.162439,0.0151319,
20.9,-2.28868,1.7617,2.4436,2.93166,-0.205923,1.10844,0.0149047,-2.36621,1.6,2.33053,1.45914,-0.752592,0.16258,0.0151319,
21,-2.2886,1.76174,2.44352,2.93102,-0.206255,1.10843,0.0149047,-2.36603,1.6,2.33052,1.45892,-0.753667,0.162724,0.0151319,
21.1,-2.28851,1.76178,2.44345,2.93038,-0.206591,1.10843,0.0149047,-2.36585,1.6,2.33051,1.45869,-0.754747,0.162869,0.0151319,
21.2,-2.28842,1.76182,2.44337,2.92972,-0.206932,1.10842,0.0149047,-2.36566,1.6,2.3305,1.45846,-0.755833,0.163015,0.0151319,
21.3,-2.28834,1.76186,2.44329,2.92905,-0.207278,1.10842,0.0149047,-2.36547,1.6,2.33049,1.45823,-0.756924,0.163162,0.0151319,
21.4,-2.28825,1.7619,2.44321,2.92837,-0.207629,1.10842,0.0149047,-2.36528,1.6,2.33048,1.458,-0.758019,0.16331,0.0151319,
21.5,-2.28816,1.76194,2.44313,2.92768,-0.207985,1.10842,0.0149047,-2.36509,1.6,2.33047,1.45776,-0.759122,0.16346,0.0151319,
21.6,-2.28809,1.76198,2.44303,2.92745,-0.208115,1.10833,0.0149047,-2.36487,1.6,2.33043,1.4576,-0.759881,0.163559,0.0151319,
21.7,-2.28796,1.76201,2.44297,2.92641,-0.208635,1.10841,0.0149047,-2.36468,1.6,2.33043,1.45734,-0.761087,0.163727,0.0151319,
21.8,-2.28787,1.76205,2.44288,2.92594,-0.208876,1.10838,0.0149047,-2.36445,1.6,2.3304,1.45716,-0.761938,0.163841,0.0151319,
21.9,-2.28775,1.76208,2.44281,2.92496,-0.209373,1.10845,0.0149047,-2.36425,1.6,2.33039,1.4569,-0.763138,0.164009,0.0151319,
22,-2.28766,1.76212,2.44272,2.92455,-0.209588,1.1084,0.0149047,-2.36402,1.6,2.33036,1.45673,-0.763948,0.164112,0.0151319,
22.1,-2.28753,1.76216,2.44265,2.92371,-0.210001,1.10845,0.0149047,-2.36378,1.6,2.33035,1.45653,-0.764904,0.164239,0.0151319,
22.2,-2.28741,1.76219,2.44258,2.92267,-0.210519,1.10854,0.0149047,-2.36357,1.6,2.33034,1.45627,-0.766128,0.164411,0.0151319,
22.3,-2.2873,1.76223,2.44249,2.92183,-0.210946,1.10857,0.0149047,-2.36336,1.6,2.33033,1.45601,-0.767293,0.164575,0.0151319,
22.4,-2.2872,1.76227,2.44241,2.92103,-0.211353,1.10859,0.0149047,-2.36314,1.6,2.33031,1.45576,-0.768443,0.164736,0.0151319,
22.5,-2.28709,1.76231,2.44232,2.92023,-0.21176,1.10861,0.0149047,-2.36292,1.6,2.33029,1.45551,-0.769594,0.164899,0.0151319,
22.6,-2.28699,1.76235,2.44223,2.91964,-0.212059,1.10859,0.0149047,-2.36267,1.6,2.33026,1.45533,-0.770483,0.165018,0.0151319,
22.7,-2.28686,1.76239,2.44214,2.91864,-0.212556,1.10866,0.0149047,-2.36244,1.6,2.33024,1.45506,-0.771692,0.165191,0.0151319,
22.8,-2.28675,1.76243,2.44205,2.91777,-0.212997,1.10869,0.0149047,-2.36222,1.6,2.33022,1.4548,-0.772868,0.165359,0.0151319,
22.9,-2.28669,1.76249,2.44198,2.91737,-0.213233,1.10857,0.0149047,-2.36199,1.6,2.33019,1.45459,-0.773904,0.165497,0.0151319,
23,-2.28648,1.76253,2.44181,2.9174,-0.213251,1.10848,0.0149047,-2.36155,1.6,2.33006,1.45456,-0.773868,0.165532,0.0151319,
23.1,-2.28613,1.76252,2.44166,2.91651,-0.213642,1.10867,0.0149047,-2.36103,1.60001,2.32993,1.45451,-0.774027,0.165601,0.0151319,
23.2,-2.28571,1.76255,2.44153,2.91541,-0.214148,1.10877,0.0149047,-2.36046,1.6,2.32978,1.45441,-0.774322,0.165674,0.0151319,
23.3,-2.28527,1.76255,2.4414,2.91424,-0.214729,1.10899,0.0149047,-2.35987,1.6,2.32966,1.45435,-0.774458,0.165734,0.0151319,
23.4,-2.28486,1.76256,2.44128,2.91307,-0.215248,1.1092,0.0149047,-2.3593,1.6,2.32954,1.45427,-0.774746,0.165795,0.0151319,
23.5,-2.28444,1.76257,2.44117,2.9119,-0.215819,1.10942,0.0149047,-2.35873,1.6,2.32943,1.45422,-0.774921,0.165839,0.0151319,
23.6,-2.28404,1.76258,2.44107,2.91074,-0.216332,1.10963,0.0149047,-2.35818,1.6,2.32933,1.45415,-0.775244,0.165891,0.0151319,
23.7,-2.28364,1.76258,2.44099,2.90957,-0.216894,1.10986,0.0149047,-2.35762,1.6,2.32923,1.45408,-0.775497,0.165936,0.0151319,
23.8,-2.28326,1.76257,2.44089,2.90843,-0.217413,1.1102,0.0149047,-2.35708,1.6,2.32916,1.45404,-0.775689,0.16597,0.0151319,
23.9,-2.28287,1.7626,2.44083,2.90728,-0.217945,1.11028,0.0149047,-2.35654,1.6,2.32907,1.45396,-0.776096,0.166006,0.0151319,
24,-2.2825,1.76259,2.44074,2.90595,-0.218546,1.1106,0.0149047,-2.35604,1.6,2.329,1.45389,-0.776454,0.166044,0.0151319,
24.1,-2.28228,1.76261,2.44071,2.90398,-0.219531,1.11093,0.0149047,-2.3558,1.6,2.32903,1.45355,-0.777979,0.166274,0.0151319,
24.2,-2.28214,1.76265,2.44062,2.90276,-0.220141,1.11106,0.0149047,-2.35555,1.6,2.32901,1.45327,-0.779256,0.166461,0.0151319,
24.3,-2.28202,1.76269,2.44052,2.90197,-0.220533,1.11108,0.0149047,-2.35527,1.6,2.32897,1.45304,-0.780314,0.166607,0.0151319,
24.4,-2.28187,1.76273,2.44042,2.90078,-0.221117,1.11119,0.0149047,-2.355,1.6,2.32893,1.45276,-0.781551,0.166787,0.0151319,
24.5,-2.28173,1.76278,2.44032,2.89972,-0.221635,1.11127,0.0149047,-2.35472,1.6,2.3289,1.4525,-0.782756,0.166963,0.0151319,
24.6,-2.28161,1.76282,2.44021,2.89891,-0.222033,1.11129,0.0149047,-2.35443,1.6,2.32885,1.45227,-0.783816,0.16711,0.0151319,
24.7,-2.28146,1.76286,2.44011,2.89786,-0.22254,1.11137,0.0149047,-2.35414,1.6,2.32881,1.45202,-0.784925,0.167265,0.0151319,
24.8,-2.28132,1.7629,2.44,2.89689,-0.223013,1.11144,0.0149047,-2.35384,1.6,2.32877,1.45179,-0.786025,0.167418,0.0151319,
24.9,-2.28116,1.76294,2.43989,2.89563,-0.223623,1.11156,0.0149047,-2.35355,1.6,2.32873,1.45151,-0.787262,0.167601,0.0151319,
25,-2.28103,1.76298,2.43978,2.89471,-0.224067,1.11161,0.0149047,-2.35325,1.6,2.32868,1.45127,-0.788358,0.167752,0.0151319,
25.1,-2.28087,1.76302,2.43968,2.89361,-0.224595,1.1117,0.0149047,-2.35294,1.6,2.32864,1.45103,-0.789483,0.167908,0.0151319,
25.2,-2.28071,1.76306,2.43956,2.89235,-0.225203,1.11183,0.0149047,-2.35264,1.6,2.32859,1.45075,-0.790711,0.168091,0.0151319,
25.3,-2.28056,1.76312,2.43946,2.89131,-0.225714,1.11184,0.0149047,-2.35232,1.6,2.32854,1.45051,-0.791819,0.168238,0.0151319,
25.4,-2.28041,1.76314,2.43934,2.89014,-0.226254,1.11201,0.0149047,-2.35201,1.6,2.32849,1.45026,-0.792961,0.168403,0.0151319,
25.5,-2.28025,1.76319,2.43922,2.88892,-0.226843,1.11212,0.0149047,-2.3517,1.6,2.32844,1.44999,-0.794176,0.168586,0.0151319,
25.6,-2.2801,1.76323,2.43909,2.88774,-0.227416,1.11223,0.0149047,-2.35138,1.6,2.32838,1.44971,-0.795384,0.168769,0.0151319,
25.7,-2.27995,1.76327,2.43897,2.88655,-0.227989,1.11233,0.0149047,-2.35106,1.6,2.32832,1.44944,-0.796589,0.168952,0.0151319,
25.8,-2.2798,1.76332,2.43886,2.8855,-0.228491,1.11241,0.0149047,-2.35073,1.6,2.32827,1.44919,-0.797718,0.169109,0.0151319,
25.9,-2.27963,1.76336,2.43873,2.88418,-0.229123,1.11255,0.0149047,-2.3504,1.6,2.32821,1.44891,-0.798929,0.169294,0.0151319,
26,-2.27947,1.7634,2.4386,2.88292,-0.229727,1.11267,0.0149047,-2.35007,1.6,2.32815,1.44864,-0.800134,0.169479,0.0151319,
26.1,-2.27931,1.76346,2.43848,2.88174,-0.230301,1.11272,0.0149047,-2.34973,1.6,2.32808,1.44836,-0.801352,0.169662,0.0151319,
26.2,-2.27925,1.76348,2.43845,2.88172,-0.230202,1.11267,0.0149047,-2.34937,1.6,2.32808,1.44839,-0.801933,0.169538,0.0151319,
26.3,-2.27908,1.76351,2.43844,2.88085,-0.230492,1.11267,0.0149047,-2.349,1.6,2.32806,1.44837,-0.802654,0.16944,0.0151319,
26.4,-2.27888,1.76353,2.43842,2.87976,-0.230879,1.11279,0.0149047,-2.34862,1.6,2.32806,1.44836,-0.803316,0.169345,0.0151319,
26.5,-2.27867,1.76356,2.4384,2.8786,-0.231296,1.11294,0.0149047,-2.34823,1.6,2.32805,1.44835,-0.803983,0.169256,0.0151319,
26.6,-2.27846,1.76358,2.43838,2.87741,-0.231723,1.11309,0.0149047,-2.34784,1.6,2.32805,1.44834,-0.804644,0.169167,0.0151319,
26.7,-2.27825,1.7636,2.43836,2.87621,-0.232156,1.11324,0.0149047,-2.34745,1.6,2.32804,1.44833,-0.805299,0.169078,0.0151319,
26.8,-2.27804,1.76362,2.43833,2.875,-0.232594,1.1134,0.0149047,-2.34706,1.6,2.32803,1.44832,-0.80595,0.168988,0.0151319,
26.9,-2.27782,1.76364,2.43831,2.87377,-0.233037,1.11356,0.0149047,-2.34667,1.6,2.32802,1.44831,-0.806595,0.168897,0.0151319,
27,-2.27761,1.76367,2.43828,2.87252,-0.233486,1.11372,0.0149047,-2.34627,1.6,2.32801,1.4483,-0.807236,0.168806,0.0151319,
27.1,-2.2774,1.76369,2.43826,2.87127,-0.233946,1.11389,0.0149047,-2.34587,1.6,2.32801,1.44828,-0.807879,0.168724,0.0151319,
27.2,-2.27718,1.76371,2.43824,2.87001,-0.234419,1.11407,0.0149047,-2.34547,1.6,2.328,1.44826,-0.808527,0.168655,0.0151319,
27.3,-2.27688,1.76373,2.43811,2.86776,-0.235383,1.11449,0.0149047,-2.34507,1.6,2.32794,1.4481,-0.809437,0.168728,0.0151319,
27.4,-2.27663,1.76377,2.43795,2.86584,-0.236254,1.11477,0.0149047,-2.34468,1.6,2.32785,1.44784,-0.8106,0.168906,0.0151319,
27.5,-2.27643,1.76381,2.4378,2.86427,-0.236982,1.11497,0.0149047,-2.34428,1.6,2.32776,1.44757,-0.811763,0.169085,0.0151319,
27.6,-2.27624,1.76385,2.43767,2.86285,-0.237635,1.11514,0.0149047,-2.34389,1.6,2.32768,1.44733,-0.81287,0.169243,0.0151319,
27.7,-2.27606,1.76391,2.43755,2.86151,-0.238259,1.11525,0.0149047,-2.34349,1.6,2.3276,1.44708,-0.813985,0.169398,0.0151319,
27.8,-2.27585,1.76393,2.43739,2.85987,-0.239006,1.11553,0.0149047,-2.34309,1.6,2.32751,1.44684,-0.81506,0.169556,0.0151319,
27.9,-2.27565,1.76397,2.43724,2.85829,-0.239734,1.11574,0.0149047,-2.34268,1.6,2.32741,1.44658,-0.816198,0.169733,0.0151319,
28,-2.27545,1.76401,2.43708,2.85674,-0.240455,1.11595,0.0149047,-2.34227,1.6,2.32732,1.44632,-0.817333,0.16991,0.0151319,
28.1,-2.27525,1.76406,2.43693,2.85517,-0.241179,1.11616,0.0149047,-2.34185,1.6,2.32722,1.44606,-0.818459,0.170086,0.0151319,
28.2,-2.27505,1.76409,2.43679,2.85369,-0.241861,1.11636,0.0149047,-2.34143,1.6,2.32713,1.44582,-0.819532,0.170244,0.0151319,
28.3,-2.27485,1.76413,2.43664,2.8521,-0.242584,1.11658,0.0149047,-2.34101,1.6,2.32703,1.44558,-0.820592,0.170399,0.0151319,
28.4,-2.27463,1.76417,2.43648,2.85041,-0.243356,1.11683,0.0149047,-2.34058,1.6,2.32692,1.44532,-0.82169,0.170571,0.0151319,
28.5,-2.27442,1.76421,2.43632,2.84876,-0.244116,1.11707,0.0149047,-2.34014,1.6,2.32681,1.44507,-0.822785,0.170743,0.0151319,
28.6,-2.27421,1.76425,2.43616,2.84709,-0.244877,1.11731,0.0149047,-2.3397,1.6,2.3267,1.44482,-0.823871,0.170914,0.0151319,
28.7,-2.27399,1.76429,2.436,2.84541,-0.245645,1.11756,0.0149047,-2.33926,1.6,2.32659,1.44457,-0.824949,0.171085,0.0151319,
28.8,-2.27378,1.76433,2.43583,2.84371,-0.24642,1.11781,0.0149047,-2.33881,1.6,2.32648,1.44432,-0.826016,0.171253,0.0151319,
28.9,-2.27356,1.76437,2.43567,2.84199,-0.247202,1.11808,0.0149047,-2.33836,1.6,2.32636,1.44407,-0.827074,0.171421,0.0151319,
29,-2.27335,1.7644,2.43552,2.84039,-0.247926,1.11832,0.0149047,-2.3379,1.6,2.32625,1.44384,-0.828088,0.171574,0.0151319,
29.1,-2.27312,1.76444,2.43534,2.83854,-0.248763,1.11862,0.0149047,-2.33744,1.6,2.32613,1.4436,-0.82911,0.171734,0.0151319,
29.2,-2.27289,1.76448,2.43517,2.83673,-0.249577,1.11891,0.0149047,-2.33697,1.6,2.326,1.44336,-0.830132,0.171896,0.0151319,
29.3,-2.27266,1.76452,2.435,2.83492,-0.25039,1.1192,0.0149047,-2.33649,1.6,2.32587,1.44313,-0.831143,0.172056,0.0151319,
29.4,-2.27243,1.76455,2.43483,2.8331,-0.251209,1.1195,0.0149047,-2.33602,1.6,2.32575,1.44289,-0.832144,0.172215,0.0151319,
29.5,-2.2722,1.76459,2.43466,2.83126,-0.252035,1.1198,0.0149047,-2.33553,1.6,2.32561,1.44266,-0.833132,0.172371,0.0151319,
29.6,-2.27196,1.76463,2.43449,2.82939,-0.252868,1.12012,0.0149047,-2.33505,1.6,2.32548,1.44243,-0.834106,0.172526,0.0151319,
29.7,-2.27172,1.76466,2.43431,2.82751,-0.253708,1.12044,0.0149047,-2.33456,1.6,2.32535,1.44221,-0.835067,0.172678,0.0151319,
29.8,-2.27148,1.7647,2.43413,2.82561,-0.254554,1.12077,0.0149047,-2.33406,1.6,2.32521,1.44199,-0.836014,0.172827,0.0151319,
29.9,-2.27124,1.76473,2.43396,2.82368,-0.255408,1.1211,0.0149047,-2.33356,1.6,2.32507,1.44177,-0.836946,0.172975,0.0151319,
30,-2.27099,1.76477,2.43378,2.82174,-0.256269,1.12145,0.0149047,-2.33305,1.6,2.32492,1.44156,-0.837863,0.173119,0.0151319,
