tgDataLogger2 started logging at time 01262019_220656, with 6 sensors on 1 senseable objects.
time,0_rod(strut).X,0_rod(strut).Y,0_rod(strut).Z,0_rod(strut).Euler1,0_rod(strut).Euler2,0_rod(strut).Euler3,0_rod(strut).mass,1_rod(strut).X,1_rod(strut).Y,1_rod(strut).Z,1_rod(strut).Euler1,1_rod(strut).Euler2,1_rod(strut).Euler3,1_rod(strut).mass,2_rod(strut).X,2_rod(strut).Y,2_rod(strut).Z,2_rod(strut).Euler1,2_rod(strut).Euler2,2_rod(strut).Euler3,2_rod(strut).mass,3_rod(strut).X,3_rod(strut).Y,3_rod(strut).Z,3_rod(strut).Euler1,3_rod(strut).Euler2,3_rod(strut).Euler3,3_rod(strut).mass,4_rod(strut).X,4_rod(strut).Y,4_rod(strut).Z,4_rod(strut).Euler1,4_rod(strut).Euler2,4_rod(strut).Euler3,4_rod(strut).mass,5_rod(strut).X,5_rod(strut).Y,5_rod(strut).Z,5_rod(strut).Euler1,5_rod(strut).Euler2,5_rod(strut).Euler3,5_rod(strut).mass,
0.1,-4.38933,8.95473,-0.512704,0.000420907,0.00783806,-2.35109,0.199491,3.3666,8.9376,-0.55772,-0.00431962,-0.00346366,-2.35773,0.199491,0.465834,8.17561,-0.75797,-0.00301639,0.000270596,-0.782007,0.199491,0.842861,10.5569,2.00292,0.000212133,-0.00443086,-0.793128,0.199491,0.74815,8.56967,1.92625,-1.5732,-0.00635081,-0.00645643,0.199645,-0.295274,11.218,-1.05543,-1.57035,0.000757635,-0.00231885,0.199491,
0.2,-4.33319,7.47635,-0.511566,-0.00900496,0.00785185,-2.34476,0.199491,3.3364,7.48259,-0.56991,-0.0104604,-0.00894125,-2.35957,0.199491,0.46149,6.71539,-0.743548,-0.00403592,-0.00238953,-0.777385,0.199491,0.838132,9.08735,1.97896,-0.0038399,-0.00582662,-0.803485,0.199491,0.713002,7.09376,1.92248,-1.56894,-0.0202159,-0.00753603,0.199645,-0.276961,9.73101,-1.03107,-1.57002,0.0136898,-0.00503771,0.199491,
0.3,-4.20521,5.15718,-0.601723,-0.072842,-0.152028,-2.36368,0.199491,3.12469,5.149,-0.607346,-0.00676424,0.103835,-2.37029,0.199491,0.513104,4.85659,-0.658688,-0.0811273,0.0767385,-0.857383,0.199491,0.861746,6.83919,1.96895,-0.014199,0.0124345,-0.812911,0.199491,0.705433,4.74158,1.81216,-1.57891,-0.0557723,-0.0257257,0.199645,-0.299611,7.33166,-1.23477,-1.57193,-0.0163537,0.00025849,0.199491,
0.4,-4.32921,5.53882,-0.770206,0.0700229,0.0438109,-2.46175,0.199491,3.12923,5.49599,-0.468674,0.0552733,0.0159715,-2.46442,0.199491,0.433225,4.81963,-0.643445,-0.165607,0.0868921,-0.894145,0.199491,0.723749,7.16344,1.58621,-0.0208412,-0.027113,-0.878035,0.199491,0.544221,5.46529,1.87005,-1.57071,-0.272616,0.0259473,0.199645,-0.330568,7.67279,-1.3089,-1.57866,-0.0598455,0.0507651,0.199491,
0.5,-4.37594,5.57221,-0.896587,-0.0694325,-0.104094,-2.49965,0.199491,3.44237,5.71001,-0.663327,0.00665494,-0.0557977,-2.54628,0.199491,0.323462,4.70581,-0.89928,0.113321,-0.135727,-0.955195,0.199491,0.550113,7.97174,1.58866,-0.0500466,-0.0341181,-1.0172,0.199491,0.426659,5.60964,1.89384,-1.56959,-0.125003,0.0553462,0.199645,-0.295182,7.82791,-1.69522,-1.55628,-0.259686,0.0189244,0.199491,
0.6,-3.95724,5.31877,-1.04616,-0.128548,-0.142038,-2.41191,0.199491,3.13493,5.53958,-0.703902,-0.000889535,-0.0702423,-2.49233,0.199491,0.43799,4.76519,-0.792451,-0.060427,-0.0366203,-0.874517,0.199491,0.629721,7.285,1.38734,0.0390878,-0.124376,-0.984296,0.199491,0.352604,5.33765,1.65561,-1.55055,-0.160322,0.0580437,0.199645,-0.143279,7.50796,-1.41061,-1.56606,-0.19439,0.0448696,0.199491,
0.7,-4.17059,5.35255,-1.18477,0.0477001,-0.0954933,-2.43144,0.199491,3.01854,5.29261,-0.457139,-0.0151715,-0.0685402,-2.41195,0.199491,0.518164,4.83467,-0.708769,-0.200796,0.0735937,-0.85706,0.199491,0.580294,6.90641,1.6168,-0.055015,-0.0723065,-0.845261,0.199491,0.36135,5.11812,1.6914,-1.57531,0.00238841,0.0789597,0.199645,-0.250911,7.43721,-1.39361,-1.58973,-0.0647341,0.115559,0.199491,
0.8,-4.30879,5.34966,-1.25054,0.00793285,-0.15881,-2.43189,0.199491,3.07375,5.32162,-0.364784,-0.0332006,-0.1266,-2.4174,0.199491,0.466885,4.79123,-0.745903,0.0518966,-0.154433,-0.878273,0.199491,0.448707,7.02736,1.711,0.017226,-0.146716,-0.859635,0.199491,0.285365,5.13421,1.76817,-1.58224,-0.0694266,0.105886,0.199645,-0.305566,7.50333,-1.43749,-1.58094,-0.0576995,0.130341,0.199491,
0.9,-4.18926,5.37688,-1.27434,0.00517747,-0.1388,-2.4399,0.199491,3.02317,5.37237,-0.42167,-0.00451701,-0.11293,-2.43725,0.199491,0.491833,4.79605,-0.725243,-0.0711391,-0.0569732,-0.863922,0.199491,0.57708,6.94882,1.49637,0.079822,-0.186896,-0.874321,0.199491,0.368201,5.28688,1.65883,-1.56601,-0.108211,0.092506,0.199645,-0.259742,7.49096,-1.4265,-1.59127,-0.122389,0.132551,0.199491,
1,-4.19456,5.3759,-1.27716,0.0142983,-0.129588,-2.44081,0.199491,3.02348,5.37159,-0.421153,0.00290298,-0.103641,-2.43778,0.199491,0.490346,4.79619,-0.727039,-0.0511246,-0.0741582,-0.865183,0.199491,0.571639,6.9552,1.50412,-0.00407496,-0.117238,-0.862067,0.199491,0.363802,5.28219,1.66072,-1.56367,-0.0767873,0.0930149,0.199645,-0.261911,7.49127,-1.42929,-1.59143,-0.123771,0.132874,0.199491,
1.1,-4.27739,5.34637,-1.25624,0.0163582,-0.15231,-2.43217,0.199491,3.08054,5.31012,-0.339107,-0.0259611,-0.116683,-2.41561,0.199491,0.487747,4.79899,-0.722405,-0.00990705,-0.109546,-0.868205,0.199491,0.46547,7.00953,1.72603,-0.026135,-0.116068,-0.851404,0.199491,0.293983,5.12151,1.77513,-1.58451,-0.0692439,0.109745,0.199645,-0.275582,7.49169,-1.41818,-1.58329,-0.0577248,0.135486,0.199491,
1.2,-4.24778,5.35524,-1.26329,-0.0216618,-0.188807,-2.42854,0.199491,3.0577,5.32919,-0.360379,-0.0157233,-0.111526,-2.42259,0.199491,0.48869,4.79927,-0.717407,-0.00529744,-0.114055,-0.868641,0.199491,0.49885,6.98674,1.65505,-0.00974752,-0.125381,-0.855579,0.199491,0.315054,5.1725,1.73963,-1.57928,-0.0859683,0.10509,0.199645,-0.27049,7.48803,-1.41683,-1.58699,-0.0846861,0.135509,0.199491,
1.3,-4.18003,5.3782,-1.28121,-0.0331853,-0.182902,-2.43417,0.199491,3.00495,5.37705,-0.424231,-0.00357054,-0.115667,-2.43882,0.199491,0.489802,4.79765,-0.719296,-0.0116798,-0.108725,-0.868363,0.199491,0.581641,6.93653,1.47473,0.00864291,-0.1271,-0.863779,0.199491,0.364151,5.30176,1.64788,-1.55995,-0.0736784,0.0913741,0.199645,-0.262388,7.48735,-1.4219,-1.58785,-0.0947883,0.133794,0.199491,
1.4,-4.22282,5.36395,-1.27032,-0.0238055,-0.184306,-2.43102,0.199491,3.04025,5.34737,-0.384983,-0.0135063,-0.114896,-2.4284,0.199491,0.489404,4.79868,-0.719403,-0.0129893,-0.107462,-0.867949,0.199491,0.529748,6.96971,1.58845,0.038037,-0.160765,-0.864701,0.199491,0.335661,5.21994,1.70513,-1.56905,-0.0481275,0.0999557,0.199645,-0.266703,7.48745,-1.42014,-1.58512,-0.0728031,0.134434,0.199491,
1.5,-4.28283,5.34157,-1.25344,-0.0100446,-0.185524,-2.42625,0.199491,3.07651,5.30245,-0.325704,-0.0296771,-0.119667,-2.41285,0.199491,0.485707,4.80097,-0.714637,0.0127246,-0.129298,-0.870375,0.199491,0.451991,7.00567,1.74711,0.0092419,-0.149147,-0.854669,0.199491,0.280846,5.10437,1.78767,-1.58549,-0.0643686,0.111527,0.199645,-0.279312,7.48794,-1.40977,-1.58477,-0.066593,0.136849,0.199491,
1.6,-4.21627,5.3649,-1.26924,-0.0325549,-0.193306,-2.42972,0.199491,3.03142,5.35024,-0.384927,-0.0158939,-0.119261,-2.42903,0.199491,0.488418,4.79951,-0.713127,-0.0100883,-0.110344,-0.868038,0.199491,0.534734,6.96193,1.57711,0.021412,-0.14605,-0.862328,0.199491,0.33641,5.2292,1.70108,-1.56964,-0.0701439,0.0991676,0.199645,-0.267137,7.48528,-1.41473,-1.58619,-0.0798947,0.134889,0.199491,
1.7,-4.18626,5.37544,-1.27767,-0.0279585,-0.1792,-2.43416,0.199491,3.00648,5.37213,-0.4145,-0.0106155,-0.121731,-2.43643,0.199491,0.488085,4.79865,-0.714654,-0.00592263,-0.113835,-0.868734,0.199491,0.571424,6.93915,1.49431,0.0493542,-0.162981,-0.869127,0.199491,0.357314,5.28829,1.65897,-1.55915,-0.0462313,0.0927331,0.199645,-0.264547,7.4856,-1.41756,-1.58858,-0.0993376,0.13429,0.199491,
1.8,-4.25631,5.35157,-1.25955,-0.0108261,-0.17937,-2.42931,0.199491,3.05839,5.32263,-0.349891,-0.0234797,-0.118064,-2.41967,0.199491,0.486202,4.8005,-0.713134,0.00167598,-0.120109,-0.869127,0.199491,0.485741,6.99,1.67867,0.0123603,-0.146287,-0.85776,0.199491,0.304684,5.15563,1.7524,-1.57822,-0.0569915,0.1065,0.199645,-0.27435,7.48655,-1.41235,-1.58573,-0.0745075,0.135954,0.199491,
1.9,-4.26699,5.34654,-1.25545,-0.0206555,-0.194019,-2.42586,0.199491,3.05999,5.31389,-0.335144,-0.0243389,-0.117177,-2.41693,0.199491,0.483838,4.80165,-0.707887,0.0172954,-0.133601,-0.870802,0.199491,0.468876,6.99281,1.70864,0.0238686,-0.158769,-0.858233,0.199491,0.291089,5.13422,1.76927,-1.58084,-0.0595568,0.108809,0.199645,-0.278841,7.48499,-1.40601,-1.58503,-0.0685073,0.136855,0.199491,
2,-4.1942,5.37143,-1.27243,-0.0324036,-0.187311,-2.432,0.199491,3.00875,5.36482,-0.401709,-0.00806116,-0.116262,-2.43446,0.199491,0.486704,4.79996,-0.708807,-0.00739937,-0.1129,-0.868215,0.199491,0.55906,6.94188,1.52072,0.0409103,-0.158177,-0.866715,0.199491,0.348252,5.27009,1.6737,-1.56161,-0.0489434,0.0946256,0.199645,-0.266932,7.48341,-1.41137,-1.58799,-0.0932967,0.134843,0.199491,
2.1,-4.20772,5.36714,-1.26919,-0.0304736,-0.188991,-2.43087,0.199491,3.02001,5.35559,-0.389362,-0.0157616,-0.121362,-2.43066,0.199491,0.486928,4.8002,-0.709111,-0.0088399,-0.111662,-0.867989,0.199491,0.543267,6.95299,1.55667,0.0134551,-0.13783,-0.861642,0.199491,0.339355,5.24481,1.69168,-1.56625,-0.0597396,0.0974348,0.199645,-0.267964,7.48383,-1.41115,-1.58679,-0.0837145,0.135061,0.199491,
2.2,-4.27615,5.34259,-1.25061,-0.00988033,-0.184544,-2.4266,0.199491,3.06627,5.3054,-0.325134,-0.0257499,-0.116055,-2.41419,0.199491,0.483667,4.80233,-0.706287,0.00305946,-0.121633,-0.868806,0.199491,0.456889,6.99784,1.73667,-0.00542526,-0.135783,-0.852792,0.199491,0.28193,5.11341,1.78395,-1.5838,-0.0622257,0.110499,0.199645,-0.280195,7.48482,-1.4031,-1.58478,-0.0653082,0.137089,0.199491,
2.3,-4.23634,5.35636,-1.2596,-0.0292202,-0.196091,-2.42748,0.199491,3.03781,5.334,-0.358044,-0.0173391,-0.115683,-2.42387,0.199491,0.484802,4.80176,-0.703435,-0.00317249,-0.116765,-0.868219,0.199491,0.505271,6.9707,1.63615,0.0218003,-0.151362,-0.8602,0.199491,0.31434,5.1881,1.73347,-1.57322,-0.0549912,0.103325,0.199645,-0.273362,7.48237,-1.40404,-1.58585,-0.0745211,0.136202,0.199491,
2.4,-4.1887,5.37277,-1.27179,-0.0302752,-0.183702,-2.43285,0.199491,2.9999,5.36807,-0.403451,-0.00999633,-0.120387,-2.43523,0.199491,0.485332,4.8005,-0.704784,-0.00645258,-0.11398,-0.868176,0.199491,0.563987,6.93508,1.50803,0.0184044,-0.138376,-0.863652,0.199491,0.348575,5.28027,1.66867,-1.56072,-0.0570136,0.0935901,0.199645,-0.268118,7.48231,-1.40761,-1.58843,-0.0958104,0.135141,0.199491,
2.5,-4.23962,5.3557,-1.25884,-0.0166602,-0.182421,-2.4296,0.199491,3.03896,5.33266,-0.356728,-0.0219687,-0.120451,-2.42288,0.199491,0.484212,4.80168,-0.704194,-0.00268078,-0.117019,-0.868295,0.199491,0.502244,6.97287,1.64135,-0.00358021,-0.12995,-0.856401,0.199491,0.312331,5.18461,1.73595,-1.5753,-0.0701146,0.103747,0.199645,-0.274632,7.48302,-1.40463,-1.58588,-0.074782,0.136177,0.199491,
2.6,-4.27385,5.34253,-1.24879,-0.0141046,-0.189343,-2.42581,0.199491,3.05776,5.30666,-0.321085,-0.0263418,-0.117812,-2.4145,0.199491,0.481258,4.80328,-0.699671,0.0138668,-0.131244,-0.869922,0.199491,0.4564,6.99196,1.7328,-0.00415562,-0.136865,-0.852859,0.199491,0.279346,5.11803,1.78397,-1.58286,-0.0622276,0.110357,0.199645,-0.28267,7.48273,-1.39691,-1.58465,-0.0636288,0.137698,0.199491,
2.7,-4.20933,5.3651,-1.26426,-0.0313789,-0.191396,-2.43003,0.199491,3.0145,5.35267,-0.37989,-0.0124696,-0.117129,-2.43017,0.199491,0.484167,4.80166,-0.699993,-0.0116518,-0.109862,-0.867285,0.199491,0.537171,6.9495,1.56729,0.0138232,-0.139185,-0.861068,0.199491,0.332604,5.23898,1.69952,-1.56648,-0.0581769,0.0980841,0.199645,-0.27095,7.48106,-1.40251,-1.58731,-0.0859218,0.135821,0.199491,
2.8,-4.20152,5.3681,-1.2667,-0.0283946,-0.185641,-2.43159,0.199491,3.00824,5.3588,-0.388067,-0.0157868,-0.123289,-2.43164,0.199491,0.484235,4.80129,-0.700839,-0.0118921,-0.10962,-0.867356,0.199491,0.547259,6.94409,1.54497,0.00927043,-0.133538,-0.861219,0.199491,0.338458,5.25525,1.68818,-1.56497,-0.0654202,0.096445,0.199645,-0.270151,7.48149,-1.40377,-1.58766,-0.0891656,0.135613,0.199491,
2.9,-4.26626,5.34553,-1.24974,-0.00777353,-0.180128,-2.42792,0.199491,3.05414,5.31229,-0.327854,-0.0282679,-0.121161,-2.41596,0.199491,0.481767,4.80305,-0.699262,-0.000625369,-0.119048,-0.868174,0.199491,0.466673,6.98857,1.71463,-0.00731568,-0.132566,-0.853232,0.199491,0.287015,5.13218,1.77467,-1.58202,-0.0696911,0.108982,0.199645,-0.280491,7.48268,-1.39774,-1.58502,-0.0665752,0.137314,0.199491,
3,-4.25154,5.35024,-1.25319,-0.0216454,-0.192227,-2.4269,0.199491,3.04042,5.32273,-0.338329,-0.0195628,-0.115263,-2.42016,0.199491,0.480863,4.80316,-0.696046,0.00206002,-0.121743,-0.868468,0.199491,0.483071,6.97625,1.67689,0.00169803,-0.137685,-0.8556,0.199491,0.296877,5.16024,1.75618,-1.57737,-0.0625225,0.106436,0.199645,-0.279366,7.48089,-1.39612,-1.58558,-0.0708202,0.137347,0.199491,
3.1,-4.19604,5.36923,-1.26661,-0.0306436,-0.187004,-2.43158,0.199491,2.99951,5.3619,-0.389779,-0.010496,-0.119166,-2.43325,0.199491,0.482593,4.80181,-0.697173,-0.0114249,-0.110361,-0.867266,0.199491,0.55159,6.93658,1.53168,0.0133566,-0.136221,-0.861926,0.199491,0.33879,5.26517,1.68274,-1.56308,-0.062821,0.0954673,0.199645,-0.271504,7.48016,-1.40012,-1.5881,-0.0918862,0.135944,0.199491,
3.2,-4.22796,5.35857,-1.25851,-0.0226122,-0.186785,-2.42946,0.199491,3.02458,5.33966,-0.36028,-0.0187268,-0.119899,-2.42539,0.199491,0.482093,4.80253,-0.696935,-0.00908338,-0.112273,-0.867335,0.199491,0.512926,6.96046,1.61564,0.00702203,-0.13737,-0.858402,0.199491,0.316466,5.20492,1.7251,-1.57195,-0.0671058,0.101888,0.199645,-0.275185,7.48056,-1.39837,-1.58646,-0.0783718,0.136576,0.199491,
3.3,-4.27456,5.3416,-1.24583,-0.00817985,-0.183331,-2.4266,0.199491,3.05413,5.30531,-0.315729,-0.0258876,-0.117214,-2.41413,0.199491,0.479221,4.80408,-0.694357,0.00166529,-0.121417,-0.868174,0.199491,0.453185,6.98953,1.73776,-0.0075545,-0.134474,-0.85206,0.199491,0.275476,5.11572,1.78806,-1.58363,-0.0677948,0.110725,0.199645,-0.284468,7.48125,-1.39179,-1.58472,-0.0632982,0.13812,0.199491,
3.4,-4.22342,5.35971,-1.25934,-0.0321044,-0.196795,-2.42804,0.199491,3.01908,5.34223,-0.361394,-0.0148584,-0.116745,-2.42666,0.199491,0.481145,4.80284,-0.693875,-0.0110334,-0.111064,-0.867029,0.199491,0.516568,6.95602,1.60624,0.00777209,-0.137556,-0.858796,0.199491,0.317478,5.21229,1.72097,-1.57037,-0.0626373,0.101302,0.199645,-0.275205,7.47948,-1.39614,-1.58684,-0.0807312,0.136895,0.199491,
3.5,-4.20077,5.36799,-1.26558,-0.0280733,-0.185586,-2.43161,0.199491,3.00128,5.35916,-0.383817,-0.014668,-0.122903,-2.43189,0.199491,0.481364,4.80204,-0.695239,-0.0123586,-0.109901,-0.867096,0.199491,0.545008,6.93986,1.54398,0.0145012,-0.138366,-0.86184,0.199491,0.334219,5.25743,1.68952,-1.56444,-0.0650311,0.0965966,0.199645,-0.272684,7.47996,-1.39865,-1.58802,-0.090707,0.136336,0.199491,
3.6,-4.25675,5.34885,-1.25125,-0.0101064,-0.180658,-2.42856,0.199491,3.04211,5.31955,-0.332112,-0.0259084,-0.121297,-2.41842,0.199491,0.47951,4.80343,-0.6942,-0.00238327,-0.118234,-0.867862,0.199491,0.476002,6.97954,1.6903,0.00162433,-0.138793,-0.85526,0.199491,0.291459,5.15173,1.76378,-1.57913,-0.067596,0.107505,0.199645,-0.280953,7.48101,-1.3943,-1.58548,-0.069464,0.137682,0.199491,
3.7,-4.26155,5.34675,-1.24978,-0.0127858,-0.185283,-2.42741,0.199491,3.04163,5.31581,-0.325515,-0.0216201,-0.115927,-2.4178,0.199491,0.47778,4.80399,-0.691483,0.00134821,-0.121704,-0.868161,0.199491,0.468061,6.98005,1.70263,-0.0016276,-0.137223,-0.854248,0.199491,0.284593,5.14286,1.77089,-1.57993,-0.066145,0.108534,0.199645,-0.283468,7.4801,-1.39122,-1.58538,-0.068082,0.138226,0.199491,
3.8,-4.20546,5.36597,-1.26415,-0.0308196,-0.190334,-2.43042,0.199491,3.0012,5.35554,-0.377274,-0.0099614,-0.116676,-2.43133,0.199491,0.479669,4.80264,-0.692522,-0.0107595,-0.111596,-0.867111,0.199491,0.537365,6.94063,1.5563,0.0139211,-0.139135,-0.861192,0.199491,0.328159,5.24865,1.69646,-1.56538,-0.0639211,0.0977077,0.199645,-0.274894,7.47884,-1.39575,-1.58776,-0.0879594,0.136829,0.199491,
3.9,-4.22105,5.3609,-1.26032,-0.025157,-0.188171,-2.42976,0.199491,3.01387,5.34491,-0.363092,-0.0167796,-0.120246,-2.42723,0.199491,0.479564,4.80288,-0.692912,-0.0106115,-0.111666,-0.867062,0.199491,0.518823,6.95271,1.59692,0.0125747,-0.141137,-0.859733,0.199491,0.317733,5.21965,1.71686,-1.56964,-0.0653397,0.100823,0.199645,-0.276469,7.47934,-1.39534,-1.58697,-0.0816101,0.137096,0.199491,
4,-4.2724,5.34268,-1.2468,-0.00719561,-0.181933,-2.42712,0.199491,3.04846,5.30756,-0.315196,-0.02572,-0.118071,-2.41481,0.199491,0.477064,4.80436,-0.691265,-0.000756799,-0.119961,-0.867808,0.199491,0.454084,6.98652,1.73105,-0.00311412,-0.138218,-0.852927,0.199491,0.274715,5.12186,1.78547,-1.58283,-0.0676631,0.110584,0.199645,-0.285647,7.48045,-1.38973,-1.58493,-0.0642652,0.138585,0.199491,
4.1,-4.23628,5.35542,-1.25645,-0.0256014,-0.193225,-2.42785,0.199491,3.0231,5.33372,-0.346874,-0.0174784,-0.117344,-2.42374,0.199491,0.478132,4.80357,-0.690461,-0.0108964,-0.111766,-0.866843,0.199491,0.498543,6.96238,1.63804,0.00640426,-0.139337,-0.857505,0.199491,0.30412,5.19028,1.7382,-1.57342,-0.0640656,0.104023,0.199645,-0.279311,7.47888,-1.39236,-1.58644,-0.0764884,0.13782,0.199491,
4.2,-4.20286,5.36702,-1.26532,-0.0295176,-0.188217,-2.43101,0.199491,2.99728,5.35781,-0.378683,-0.0124427,-0.120606,-2.43173,0.199491,0.478643,4.80266,-0.691567,-0.0133992,-0.109656,-0.866811,0.199491,0.539811,6.93808,1.5485,0.0168253,-0.141202,-0.861843,0.199491,0.32875,5.25483,1.69285,-1.56449,-0.063581,0.0972999,0.199645,-0.275313,7.47878,-1.3952,-1.58803,-0.0898197,0.137043,0.199491,
4.3,-4.24823,5.35176,-1.25392,-0.0150071,-0.184261,-2.42861,0.199491,3.03091,5.32609,-0.337028,-0.0216324,-0.119324,-2.4209,0.199491,0.477269,4.8037,-0.690872,-0.00522288,-0.116485,-0.867457,0.199491,0.484245,6.97085,1.66669,0.00672604,-0.141826,-0.856646,0.199491,0.295021,5.1697,1.75268,-1.57645,-0.0658717,0.106177,0.199645,-0.28167,7.47962,-1.39215,-1.58595,-0.072667,0.138081,0.199491,
4.4,-4.26795,5.3446,-1.24878,-0.00860041,-0.182511,-2.42748,0.199491,3.04156,5.31166,-0.317406,-0.0241671,-0.118068,-2.41623,0.199491,0.475325,4.80445,-0.689028,0.000859037,-0.121834,-0.867978,0.199491,0.458172,6.98203,1.71753,-0.00129713,-0.13912,-0.853659,0.199491,0.276309,5.13274,1.77926,-1.58122,-0.0662515,0.109959,0.199645,-0.286364,7.47976,-1.38852,-1.58522,-0.0661513,0.138949,0.199491,
4.5,-4.21509,5.36287,-1.26246,-0.0276455,-0.1897,-2.42996,0.199491,3.00464,5.34935,-0.36614,-0.0119374,-0.117027,-2.42918,0.199491,0.477331,4.80316,-0.68983,-0.0136686,-0.109692,-0.866644,0.199491,0.523845,6.94597,1.58032,0.0135743,-0.141144,-0.860359,0.199491,0.318621,5.23225,1.70927,-1.56759,-0.0635286,0.099886,0.199645,-0.277642,7.47831,-1.39322,-1.5875,-0.0849839,0.137574,0.199491,
4.6,-4.21649,5.36259,-1.26229,-0.0257182,-0.187847,-2.43021,0.199491,3.00609,5.34866,-0.365159,-0.0143528,-0.119379,-2.42867,0.199491,0.477379,4.8031,-0.690208,-0.0139597,-0.109423,-0.866628,0.199491,0.522468,6.94752,1.5836,0.0151183,-0.142695,-0.860521,0.199491,0.318067,5.23007,1.71084,-1.56801,-0.064007,0.100156,0.199645,-0.277639,7.47859,-1.3936,-1.58744,-0.0846645,0.137564,0.199491,
4.7,-4.26829,5.34446,-1.24883,-0.00750279,-0.181431,-2.42762,0.199491,3.04228,5.31133,-0.316938,-0.0259134,-0.119814,-2.41591,0.199491,0.475362,4.80446,-0.689122,-0.00350583,-0.1182,-0.867454,0.199491,0.457752,6.98266,1.71894,0.000525615,-0.140827,-0.853876,0.199491,0.276147,5.13175,1.77987,-1.58143,-0.0665167,0.110095,0.199645,-0.286138,7.47984,-1.38866,-1.58519,-0.0658939,0.138962,0.199491,
4.8,-4.24719,5.3519,-1.25458,-0.0167522,-0.186308,-2.42834,0.199491,3.02667,5.32672,-0.335416,-0.0187893,-0.116963,-2.42143,0.199491,0.475572,4.80405,-0.688377,-0.0104609,-0.112602,-0.866761,0.199491,0.483542,6.96796,1.66385,0.00557904,-0.141035,-0.856446,0.199491,0.293044,5.17222,1.7519,-1.57584,-0.0644143,0.106262,0.199645,-0.282832,7.47876,-1.38997,-1.58611,-0.0731713,0.138579,0.199491,
4.9,-4.20624,5.36585,-1.26512,-0.0269026,-0.186467,-2.4311,0.199491,2.99589,5.35575,-0.373559,-0.0106839,-0.118376,-2.4313,0.199491,0.476556,4.80307,-0.689189,-0.016288,-0.107721,-0.86638,0.199491,0.533835,6.93838,1.55607,0.0176297,-0.142895,-0.86162,0.199491,0.323567,5.24989,1.69733,-1.56506,-0.0631511,0.0982083,0.199645,-0.277413,7.47809,-1.39303,-1.58797,-0.0886833,0.13763,0.199491,
5,-4.24025,5.35441,-1.25655,-0.0172074,-0.184907,-2.42907,0.199491,3.02159,5.33194,-0.342153,-0.0178616,-0.117658,-2.42311,0.199491,0.475713,4.80385,-0.688684,-0.0113115,-0.111877,-0.866719,0.199491,0.492233,6.96319,1.64505,0.00984324,-0.143229,-0.857689,0.199491,0.298685,5.18586,1.74232,-1.57412,-0.0651214,0.104929,0.199645,-0.281878,7.47864,-1.39081,-1.58639,-0.0756506,0.138387,0.199491,
5.1,-4.27117,5.34343,-1.24864,-0.00455288,-0.179058,-2.42783,0.199491,3.04102,5.30956,-0.312806,-0.02523,-0.119053,-2.41546,0.199491,0.473745,4.80475,-0.687483,-0.00303766,-0.118965,-0.867429,0.199491,0.452669,6.98272,1.72502,-0.000269666,-0.140926,-0.853458,0.199491,0.271541,5.12769,1.78353,-1.58181,-0.065997,0.110786,0.199645,-0.288046,7.47946,-1.38691,-1.58514,-0.0651129,0.139443,0.199491,
5.2,-4.22412,5.35986,-1.26105,-0.0228724,-0.187106,-2.42983,0.199491,3.00891,5.34325,-0.355834,-0.0142674,-0.117826,-2.42702,0.199491,0.47569,4.80359,-0.687997,-0.0174509,-0.106976,-0.866113,0.199491,0.511287,6.9514,1.6035,0.01282,-0.142706,-0.859469,0.199491,0.309955,5.21617,1.72143,-1.56972,-0.0627277,0.101967,0.199645,-0.279743,7.47806,-1.39135,-1.58719,-0.0818519,0.138243,0.199491,
5.3,-4.21306,5.36365,-1.26394,-0.0251021,-0.186575,-2.43067,0.199491,3.00056,5.35108,-0.366169,-0.012924,-0.119199,-2.42958,0.199491,0.475948,4.80331,-0.688252,-0.018837,-0.105818,-0.86604,0.199491,0.524833,6.94348,1.57442,0.0168239,-0.143851,-0.860983,0.199491,0.317984,5.23713,1.70673,-1.56688,-0.0630411,0.09979,0.199645,-0.278308,7.478,-1.39221,-1.58773,-0.0863092,0.138002,0.199491,
5.4,-4.2625,5.34658,-1.25133,-0.00816596,-0.180999,-2.42818,0.199491,3.0359,5.31579,-0.320294,-0.024,-0.119478,-2.41748,0.199491,0.474245,4.80454,-0.687378,-0.00829196,-0.114684,-0.866873,0.199491,0.46339,6.97783,1.70353,0.0033826,-0.142502,-0.854803,0.199491,0.279008,5.14361,1.77241,-1.57979,-0.0657103,0.109355,0.199645,-0.285952,7.47914,-1.38801,-1.58554,-0.0682,0.139279,0.199491,
5.5,-4.25578,5.349,-1.25346,-0.00921835,-0.180411,-2.42877,0.199491,3.0297,5.32094,-0.325944,-0.0206269,-0.117633,-2.41945,0.199491,0.473735,4.80446,-0.686755,-0.010671,-0.112876,-0.866622,0.199491,0.471205,6.97247,1.68499,0.00484821,-0.142454,-0.855603,0.199491,0.283755,5.15733,1.76314,-1.57777,-0.0642487,0.108146,0.199645,-0.28548,7.47866,-1.38808,-1.58584,-0.0705341,0.139281,0.199491,
5.6,-4.21044,5.36448,-1.26513,-0.022283,-0.182739,-2.43147,0.199491,2.99657,5.35302,-0.367864,-0.0110379,-0.118203,-2.43041,0.199491,0.475138,4.80339,-0.687558,-0.0189719,-0.105943,-0.865999,0.199491,0.527104,6.94031,1.56653,0.0177242,-0.144216,-0.861281,0.199491,0.318402,5.24284,1.70302,-1.56595,-0.0623642,0.0993631,0.199645,-0.278869,7.47771,-1.39165,-1.58789,-0.0872885,0.138212,0.199491,
5.7,-4.23291,5.35689,-1.25946,-0.0166955,-0.182717,-2.42997,0.199491,3.01383,5.3372,-0.346933,-0.0157423,-0.117591,-2.42496,0.199491,0.474691,4.80393,-0.687175,-0.0164584,-0.108049,-0.866126,0.199491,0.49956,6.95686,1.62575,0.0121755,-0.14415,-0.858615,0.199491,0.302079,5.20023,1.73293,-1.57204,-0.064051,0.10386,0.199645,-0.281637,7.47799,-1.39017,-1.58681,-0.0784653,0.138711,0.199491,
5.8,-4.27155,5.34321,-1.24957,-0.00108152,-0.175639,-2.42837,0.199491,3.03951,5.3092,-0.310789,-0.0243971,-0.118378,-2.41543,0.199491,0.472773,4.80499,-0.686236,-0.00674909,-0.116273,-0.866927,0.199491,0.450611,6.98214,1.72618,0.000919135,-0.142434,-0.853553,0.199491,0.269275,5.12702,1.78436,-1.58185,-0.0655961,0.111193,0.199645,-0.288697,7.47905,-1.38602,-1.5852,-0.0650994,0.13988,0.199491,
5.9,-4.23253,5.35687,-1.25997,-0.0173813,-0.183666,-2.42984,0.199491,3.01324,5.33717,-0.34602,-0.0159761,-0.118011,-2.42495,0.199491,0.474492,4.80405,-0.686472,-0.0200883,-0.105218,-0.865701,0.199491,0.499195,6.9565,1.62596,0.0119761,-0.144173,-0.858586,0.199491,0.301467,5.20026,1.73313,-1.57188,-0.0628005,0.104001,0.199645,-0.281515,7.47776,-1.38968,-1.5869,-0.0788162,0.138928,0.199491,
6,-4.21109,5.36417,-1.26557,-0.0214648,-0.182335,-2.43151,0.199491,2.99692,5.35233,-0.366038,-0.0123295,-0.119514,-2.43003,0.199491,0.474944,4.80353,-0.686916,-0.0225781,-0.103148,-0.865581,0.199491,0.52546,6.94095,1.56944,0.0181068,-0.144994,-0.86127,0.199491,0.317093,5.24096,1.70455,-1.56626,-0.0625791,0.0997736,0.199645,-0.2788,7.47755,-1.39129,-1.58793,-0.0872789,0.13847,0.199491,
6.1,-4.25561,5.3489,-1.25433,-0.00689017,-0.178155,-2.42914,0.199491,3.02928,5.3207,-0.324717,-0.0219251,-0.119171,-2.4192,0.199491,0.473553,4.80462,-0.686142,-0.0134736,-0.110817,-0.866262,0.199491,0.470273,6.97234,1.68581,0.00585249,-0.143687,-0.855713,0.199491,0.282701,5.15678,1.76361,-1.57798,-0.065178,0.108465,0.199645,-0.285351,7.47843,-1.38777,-1.58589,-0.0705621,0.139581,0.199491,
6.2,-4.26184,5.34673,-1.25314,-0.0021599,-0.174544,-2.42929,0.199491,3.032,5.31634,-0.318528,-0.0219369,-0.118084,-2.41789,0.199491,0.472613,4.80488,-0.685556,-0.0116421,-0.112521,-0.866395,0.199491,0.461753,6.9756,1.70113,0.00442805,-0.143809,-0.854958,0.199491,0.276399,5.14564,1.77164,-1.57929,-0.0642537,0.109677,0.199645,-0.287132,7.47843,-1.38667,-1.58566,-0.0684612,0.139939,0.199491,
6.3,-4.21504,5.36273,-1.26521,-0.0173105,-0.178928,-2.43178,0.199491,2.99884,5.34947,-0.361564,-0.0120694,-0.118421,-2.42918,0.199491,0.474396,4.80378,-0.686336,-0.0226193,-0.103335,-0.865505,0.199491,0.519708,6.94315,1.57972,0.0174997,-0.145504,-0.860816,0.199491,0.313122,5.23351,1.70985,-1.56717,-0.061741,0.100732,0.199645,-0.279716,7.4773,-1.39061,-1.58775,-0.0854778,0.138801,0.199491,
6.4,-4.22617,5.35892,-1.26242,-0.0146249,-0.179078,-2.431,0.199491,3.00761,5.34153,-0.351037,-0.0149645,-0.118697,-2.42638,0.199491,0.474272,4.80406,-0.686143,-0.022219,-0.103676,-0.865473,0.199491,0.506012,6.95146,1.60941,0.0142657,-0.145107,-0.859399,0.199491,0.305073,5.21213,1.7248,-1.57029,-0.0631095,0.103008,0.199645,-0.280946,7.47743,-1.3899,-1.58721,-0.0810156,0.139056,0.199491,
6.5,-4.26918,5.34377,-1.25147,0.00191853,-0.17221,-2.42906,0.199491,3.03712,5.31036,-0.310904,-0.024899,-0.11965,-2.41572,0.199491,0.472502,4.80521,-0.685291,-0.0111604,-0.113027,-0.86636,0.199491,0.451777,6.98025,1.72164,0.00226091,-0.143687,-0.853859,0.199491,0.269399,5.13037,1.78208,-1.58133,-0.0647626,0.111238,0.199645,-0.28828,7.47855,-1.38567,-1.58535,-0.0657358,0.140288,0.199491,
6.6,-4.23994,5.35398,-1.25938,-0.00965281,-0.177534,-2.43029,0.199491,3.01758,5.33132,-0.337216,-0.0181626,-0.118875,-2.42289,0.199491,0.473829,4.80453,-0.685483,-0.0219802,-0.104062,-0.865367,0.199491,0.488144,6.9611,1.64665,0.0110047,-0.145417,-0.857702,0.199491,0.293657,5.18515,1.74371,-1.57385,-0.0623903,0.105899,0.199645,-0.282819,7.4775,-1.3885,-1.58661,-0.0758087,0.139592,0.199491,
6.7,-4.21008,5.36407,-1.26708,-0.016274,-0.176762,-2.4324,0.199491,2.99511,5.35236,-0.364913,-0.0123897,-0.12008,-2.43003,0.199491,0.474577,4.80385,-0.686029,-0.0264224,-0.100346,-0.865095,0.199491,0.524771,6.93948,1.56835,0.0190792,-0.146184,-0.86135,0.199491,0.31572,5.24154,1.70406,-1.56598,-0.0611585,0.100046,0.199645,-0.278889,7.47703,-1.39067,-1.58802,-0.08732,0.138939,0.199491,
6.8,-4.24794,5.35112,-1.2576,-0.00435604,-0.173835,-2.43029,0.199491,3.02302,5.3255,-0.329706,-0.0202907,-0.119351,-2.42084,0.199491,0.47351,4.80478,-0.685359,-0.0191821,-0.106461,-0.865593,0.199491,0.477888,6.96648,1.66752,0.0082396,-0.144761,-0.856573,0.199491,0.286932,5.16986,1.75428,-1.57605,-0.063732,0.107506,0.199645,-0.284205,7.47766,-1.38784,-1.58626,-0.0729299,0.139865,0.199491,
6.9,-4.26504,5.34493,-1.2534,0.00413611,-0.168975,-2.4298,0.199491,3.03368,5.31289,-0.313421,-0.0234452,-0.119125,-2.41665,0.199491,0.472455,4.80534,-0.684809,-0.0145629,-0.110453,-0.865942,0.199491,0.455676,6.97701,1.71186,0.00428147,-0.144957,-0.854412,0.199491,0.271594,5.13732,1.77707,-1.58028,-0.0638668,0.110778,0.199645,-0.287661,7.47802,-1.38568,-1.58553,-0.0668442,0.140483,0.199491,
7,-4.21942,5.36059,-1.26526,-0.0115542,-0.174365,-2.43209,0.199491,3.00223,5.34527,-0.355247,-0.0135847,-0.118942,-2.4277,0.199491,0.474469,4.80426,-0.685536,-0.0264333,-0.100509,-0.86498,0.199491,0.512406,6.94611,1.59416,0.0171648,-0.146779,-0.860201,0.199491,0.308198,5.22268,1.71702,-1.56859,-0.0615074,0.10216,0.199645,-0.279933,7.47679,-1.38984,-1.58758,-0.0833856,0.139347,0.199491,
7.1,-4.22012,5.36035,-1.26521,-0.0107759,-0.173757,-2.43214,0.199491,3.00301,5.34472,-0.354501,-0.0143454,-0.119544,-2.42743,0.199491,0.474546,4.80428,-0.685544,-0.0271916,-0.0998873,-0.864896,0.199491,0.511503,6.94689,1.59635,0.0163669,-0.146303,-0.86003,0.199491,0.307718,5.22113,1.71805,-1.56889,-0.0619632,0.102359,0.199645,-0.279864,7.47682,-1.38991,-1.58754,-0.0830999,0.139381,0.199491,
7.2,-4.26459,5.34473,-1.2539,0.00497537,-0.168296,-2.42988,0.199491,3.03428,5.31252,-0.312857,-0.02485,-0.120553,-2.41636,0.199491,0.473006,4.80548,-0.684683,-0.0153299,-0.109923,-0.86582,0.199491,0.45555,6.97721,1.71296,0.00398957,-0.144925,-0.854326,0.199491,0.27152,5.13631,1.77745,-1.58046,-0.0641951,0.11096,0.199645,-0.287003,7.47786,-1.38574,-1.58556,-0.0669086,0.14061,0.199491,
7.3,-4.24547,5.35128,-1.25898,-0.002679,-0.17194,-2.43064,0.199491,3.02197,5.32598,-0.329952,-0.0199744,-0.119414,-2.42104,0.199491,0.474113,4.80506,-0.684812,-0.023755,-0.102895,-0.865034,0.199491,0.479295,6.9648,1.6646,0.0101803,-0.146503,-0.85688,0.199491,0.287505,5.1715,1.75265,-1.57567,-0.0628469,0.107505,0.199645,-0.283211,7.47708,-1.38761,-1.58638,-0.0734245,0.140142,0.199491,
7.4,-4.20942,5.36346,-1.26824,-0.0117076,-0.172216,-2.43299,0.199491,2.99536,5.35136,-0.363229,-0.0127642,-0.120451,-2.42967,0.199491,0.475196,4.80425,-0.685431,-0.0299387,-0.0977161,-0.864631,0.199491,0.523624,6.93903,1.57054,0.0200433,-0.147565,-0.861311,0.199491,0.314616,5.23933,1.70495,-1.5662,-0.0609732,0.100503,0.199645,-0.278166,7.47641,-1.39032,-1.58807,-0.0870933,0.139337,0.199491,
7.5,-4.23985,5.35305,-1.26064,-0.00239094,-0.170224,-2.43124,0.199491,3.01801,5.32976,-0.334837,-0.0188483,-0.119478,-2.4223,0.199491,0.474417,4.80501,-0.684877,-0.0246546,-0.102191,-0.864954,0.199491,0.485945,6.96083,1.65044,0.0109103,-0.146105,-0.857401,0.199491,0.291712,5.1816,1.74536,-1.57434,-0.0629805,0.106544,0.199645,-0.282288,7.47682,-1.38809,-1.58661,-0.075214,0.140072,0.199491,
7.6,-4.26562,5.3438,-1.25399,0.0085521,-0.16495,-2.43019,0.199491,3.03497,5.31084,-0.310641,-0.0242358,-0.119611,-2.41593,0.199491,0.473208,4.80577,-0.6843,-0.016246,-0.109315,-0.865638,0.199491,0.453001,6.97736,1.7176,0.00461671,-0.146031,-0.854145,0.199491,0.269442,5.13241,1.77977,-1.58085,-0.0637974,0.111425,0.199645,-0.287105,7.47748,-1.38515,-1.58549,-0.0660626,0.140863,0.199491,
7.7,-4.2232,5.35838,-1.26493,-0.00725201,-0.171391,-2.43212,0.199491,3.00645,5.34094,-0.349354,-0.0154893,-0.119747,-2.42614,0.199491,0.475365,4.80476,-0.684923,-0.0281731,-0.0993013,-0.864665,0.199491,0.505953,6.94912,1.60877,0.0166818,-0.147831,-0.859562,0.199491,0.304128,5.21151,1.72419,-1.57007,-0.0616052,0.103481,0.199645,-0.279507,7.47625,-1.38913,-1.58737,-0.0811606,0.139772,0.199491,
7.8,-4.21479,5.36121,-1.2672,-0.00828422,-0.17027,-2.43284,0.199491,3.00028,5.3468,-0.35708,-0.0144927,-0.120758,-2.42805,0.199491,0.475636,4.80457,-0.685096,-0.0299692,-0.0978108,-0.864537,0.199491,0.516225,6.94322,1.587,0.0185586,-0.147752,-0.86053,0.199491,0.310278,5.2272,1.71312,-1.5679,-0.0612707,0.10187,0.199645,-0.278302,7.47617,-1.38983,-1.58779,-0.0845563,0.139611,0.199491,
7.9,-4.25863,5.34588,-1.25604,0.00631611,-0.165999,-2.43046,0.199491,3.03161,5.31514,-0.315997,-0.0245497,-0.121225,-2.41718,0.199491,0.474273,4.80574,-0.684219,-0.0186788,-0.107366,-0.865383,0.199491,0.461243,6.9735,1.70219,0.00611435,-0.14622,-0.854895,0.199491,0.275227,5.14353,1.77169,-1.57939,-0.0635852,0.110404,0.199645,-0.285025,7.47707,-1.38589,-1.58579,-0.0682362,0.140779,0.199491,
8,-4.24967,5.34898,-1.25841,0.00258969,-0.167802,-2.43081,0.199491,3.02563,5.32156,-0.324142,-0.0219358,-0.120406,-2.41946,0.199491,0.474709,4.80553,-0.684311,-0.0217054,-0.104835,-0.865118,0.199491,0.472427,6.96753,1.6791,0.00922823,-0.147087,-0.856131,0.199491,0.282745,5.16034,1.75989,-1.5771,-0.0631281,0.108747,0.199645,-0.283394,7.47671,-1.38675,-1.58617,-0.0712879,0.140549,0.199491,
8.1,-4.20972,5.3625,-1.26863,-0.0086242,-0.169519,-2.43321,0.199491,2.99668,5.3497,-0.360899,-0.0138392,-0.121286,-2.42903,0.199491,0.476096,4.80463,-0.684949,-0.0293551,-0.0984192,-0.864581,0.199491,0.521704,6.93933,1.5753,0.0204807,-0.148568,-0.861108,0.199491,0.313317,5.23529,1.70719,-1.56668,-0.0609537,0.101044,0.199645,-0.277486,7.47586,-1.38986,-1.58802,-0.0862348,0.139629,0.199491,
8.2,-4.23261,5.35466,-1.26292,-0.00192152,-0.168422,-2.43183,0.199491,3.01396,5.33341,-0.339456,-0.0185213,-0.120574,-2.42345,0.199491,0.4756,4.80521,-0.68452,-0.0260354,-0.101235,-0.864754,0.199491,0.493374,6.9559,1.63569,0.0135845,-0.147485,-0.858163,0.199491,0.296258,5.19168,1.73768,-1.57282,-0.0622918,0.105623,0.199645,-0.280429,7.47612,-1.38823,-1.58691,-0.0772113,0.140174,0.199491,
8.3,-4.26459,5.34324,-1.25465,0.00950791,-0.164341,-2.43018,0.199491,3.03545,5.31001,-0.309473,-0.0257596,-0.121201,-2.41549,0.199491,0.474237,4.80612,-0.683813,-0.0158594,-0.10984,-0.865584,0.199491,0.452725,6.9768,1.71922,0.00490696,-0.146649,-0.854018,0.199491,0.269111,5.13061,1.7804,-1.58101,-0.0637989,0.111701,0.199645,-0.28614,7.47693,-1.38475,-1.58551,-0.0657917,0.141111,0.199491,
8.4,-4.22701,5.35625,-1.26435,-0.00573067,-0.171458,-2.43169,0.199491,3.01059,5.33676,-0.343772,-0.0179706,-0.121191,-2.42457,0.199491,0.476222,4.8052,-0.684369,-0.0278157,-0.0997933,-0.864579,0.199491,0.499833,6.95215,1.62298,0.0151781,-0.147894,-0.85879,0.199491,0.3003,5.20071,1.73118,-1.57152,-0.0619995,0.104695,0.199645,-0.279165,7.47581,-1.38843,-1.58717,-0.0791882,0.140116,0.199491,
8.5,-4.2111,5.36162,-1.26851,-0.00849258,-0.17019,-2.43294,0.199491,2.99871,5.34794,-0.358493,-0.0154401,-0.122443,-2.42828,0.199491,0.476653,4.80484,-0.684671,-0.0303645,-0.0976684,-0.864422,0.199491,0.519311,6.94078,1.58146,0.0197363,-0.148545,-0.86078,0.199491,0.311966,5.23063,1.71015,-1.56732,-0.0610573,0.101596,0.199645,-0.277027,7.47562,-1.38964,-1.58795,-0.085437,0.139786,0.199491,
8.6,-4.25277,5.34715,-1.25796,0.00536419,-0.166149,-2.43069,0.199491,3.02869,5.31802,-0.319572,-0.024509,-0.122222,-2.41805,0.199491,0.475371,4.80592,-0.683862,-0.0201835,-0.106283,-0.865169,0.199491,0.467233,6.96977,1.69073,0.00779743,-0.146988,-0.855439,0.199491,0.279147,5.15135,1.76562,-1.57827,-0.0633219,0.109729,0.199645,-0.28328,7.47639,-1.38608,-1.58601,-0.0697122,0.140863,0.199491,
8.7,-4.25283,5.34711,-1.25806,0.00550408,-0.165966,-2.43071,0.199491,3.02814,5.31805,-0.319617,-0.0232561,-0.120972,-2.41823,0.199491,0.475128,4.80595,-0.683789,-0.0194471,-0.106922,-0.865241,0.199491,0.467014,6.96932,1.69023,0.00746474,-0.146676,-0.855372,0.199491,0.278839,5.1516,1.7654,-1.5782,-0.0633545,0.109708,0.199645,-0.283628,7.47629,-1.38595,-1.58601,-0.0696726,0.140894,0.199491,
8.8,-4.21115,5.36131,-1.26873,-0.00695216,-0.168637,-2.4331,0.199491,2.99843,5.3475,-0.357942,-0.0146828,-0.121617,-2.42825,0.199491,0.476717,4.80499,-0.684449,-0.028135,-0.0996336,-0.864599,0.199491,0.518624,6.94033,1.58219,0.0191806,-0.14823,-0.860602,0.199491,0.311275,5.22977,1.7105,-1.56737,-0.0610587,0.101719,0.199645,-0.277166,7.47534,-1.38936,-1.58792,-0.0850494,0.139904,0.199491,
8.9,-4.2268,5.35593,-1.26482,-0.00249256,-0.16807,-2.43213,0.199491,3.01042,5.3363,-0.343185,-0.0180899,-0.1213,-2.42439,0.199491,0.476446,4.8054,-0.68415,-0.0264431,-0.101075,-0.864659,0.199491,0.499223,6.95176,1.62374,0.014765,-0.147775,-0.858626,0.199491,0.299667,5.19976,1.73145,-1.5716,-0.0618667,0.104879,0.199645,-0.279071,7.47549,-1.38827,-1.58715,-0.0788199,0.140278,0.199491,
9,-4.26266,5.34314,-1.25551,0.00992954,-0.163971,-2.43021,0.199491,3.03495,5.31008,-0.30951,-0.0265672,-0.12227,-2.41541,0.199491,0.475075,4.8064,-0.683384,-0.015654,-0.110188,-0.865529,0.199491,0.453786,6.97549,1.71769,0.00437776,-0.146286,-0.853892,0.199491,0.26965,5.13116,1.77944,-1.58087,-0.0638017,0.111731,0.199645,-0.285219,7.47637,-1.38449,-1.58556,-0.0658637,0.141297,0.199491,
9.1,-4.23077,5.35424,-1.26381,-0.004014,-0.171167,-2.43135,0.199491,3.01401,5.33287,-0.33864,-0.0196983,-0.121945,-2.42316,0.199491,0.476754,4.80561,-0.683829,-0.0267651,-0.10086,-0.86457,0.199491,0.493851,6.95475,1.63601,0.0128505,-0.147151,-0.85793,0.199491,0.296332,5.19074,1.73763,-1.57286,-0.0625592,0.105809,0.199645,-0.279193,7.47538,-1.3877,-1.58697,-0.0772083,0.140448,0.199491,
9.2,-4.20895,5.36163,-1.26945,-0.00835141,-0.170029,-2.43297,0.199491,2.99774,5.34823,-0.358855,-0.0157575,-0.123126,-2.42834,0.199491,0.477342,4.80511,-0.684228,-0.0301378,-0.0980401,-0.864366,0.199491,0.520645,6.93915,1.57899,0.019183,-0.148099,-0.860675,0.199491,0.312481,5.23185,1.70875,-1.5671,-0.0612963,0.101549,0.199645,-0.276254,7.47508,-1.38935,-1.58804,-0.0857518,0.139979,0.199491,
9.3,-4.24731,5.34838,-1.25978,0.00421967,-0.166529,-2.43088,0.199491,3.02556,5.32079,-0.323075,-0.023763,-0.122445,-2.41898,0.199491,0.476197,4.8061,-0.683501,-0.0214154,-0.105419,-0.864989,0.199491,0.472825,6.96603,1.67952,0.0082537,-0.146711,-0.855788,0.199491,0.282656,5.15898,1.75972,-1.57721,-0.0634217,0.109061,0.199645,-0.281871,7.47573,-1.38621,-1.58624,-0.0711759,0.140946,0.199491,
9.4,-4.25483,5.34571,-1.25796,0.0070813,-0.165302,-2.43054,0.199491,3.02988,5.31541,-0.316225,-0.0240419,-0.121188,-2.41733,0.199491,0.47558,4.80632,-0.683304,-0.0179521,-0.10836,-0.865299,0.199491,0.463141,6.97041,1.69831,0.00613334,-0.146389,-0.854797,0.199491,0.275934,5.14511,1.76938,-1.57902,-0.0637561,0.110434,0.199645,-0.283618,7.47587,-1.38529,-1.58592,-0.0685545,0.141194,0.199491,
9.5,-4.21296,5.36003,-1.26866,-0.00627863,-0.168978,-2.43281,0.199491,3.00057,5.34506,-0.354669,-0.0156633,-0.121972,-2.42738,0.199491,0.477325,4.80534,-0.683963,-0.0277139,-0.100161,-0.864543,0.199491,0.515172,6.9417,1.59009,0.017876,-0.147952,-0.860075,0.199491,0.309041,5.22357,1.71432,-1.56821,-0.0614813,0.102454,0.199645,-0.276835,7.47486,-1.38886,-1.58783,-0.0839094,0.14017,0.199491,
9.6,-4.22204,5.35689,-1.26642,-0.00350765,-0.168476,-2.43226,0.199491,3.00765,5.33852,-0.346041,-0.0180034,-0.122158,-2.42508,0.199491,0.477223,4.80558,-0.683792,-0.0272094,-0.100598,-0.864528,0.199491,0.503894,6.94843,1.61439,0.015213,-0.147625,-0.858908,0.199491,0.302332,5.20602,1.72655,-1.57071,-0.0620916,0.104313,0.199645,-0.277861,7.47495,-1.38826,-1.58738,-0.0802381,0.14039,0.199491,
9.7,-4.26011,5.34339,-1.25655,0.00965458,-0.164158,-2.43024,0.199491,3.03398,5.31079,-0.310341,-0.0269073,-0.122976,-2.41558,0.199491,0.475843,4.80663,-0.68301,-0.0160373,-0.110031,-0.865423,0.199491,0.455801,6.97388,1.71415,0.00450174,-0.146313,-0.853956,0.199491,0.270869,5.13327,1.77744,-1.58052,-0.0636479,0.111608,0.199645,-0.284214,7.47585,-1.3844,-1.58566,-0.0663301,0.141444,0.199491,
9.8,-4.23415,5.35248,-1.26338,-0.00193885,-0.17027,-2.43114,0.199491,3.0169,5.32943,-0.334138,-0.0209669,-0.122337,-2.42196,0.199491,0.477144,4.80597,-0.683379,-0.0251921,-0.102352,-0.864628,0.199491,0.488467,6.95702,1.64744,0.0118063,-0.147357,-0.857323,0.199491,0.292689,5.18195,1.74329,-1.57394,-0.0621463,0.106782,0.199645,-0.279324,7.47502,-1.38707,-1.58681,-0.0755592,0.140749,0.199491,
9.9,-4.20783,5.3614,-1.27014,-0.00754193,-0.169305,-2.43303,0.199491,2.99734,5.34801,-0.358535,-0.0159728,-0.123473,-2.42824,0.199491,0.47787,4.80537,-0.683851,-0.0293192,-0.0988931,-0.864373,0.199491,0.520868,6.93822,1.57862,0.019238,-0.148313,-0.860606,0.199491,0.312355,5.23162,1.70842,-1.567,-0.0607093,0.101646,0.199645,-0.275744,7.47461,-1.38907,-1.58807,-0.0857255,0.140168,0.199491,
10,-4.24235,5.3495,-1.26144,0.0035383,-0.166437,-2.43112,0.199491,3.02254,5.32336,-0.326339,-0.0230421,-0.122643,-2.41984,0.199491,0.47688,4.80625,-0.683202,-0.0220758,-0.105017,-0.864875,0.199491,0.477902,6.96253,1.66911,0.00935818,-0.14703,-0.856207,0.199491,0.285777,5.16606,1.75426,-1.57613,-0.0627169,0.108427,0.199645,-0.280696,7.47515,-1.38632,-1.58644,-0.0724924,0.141021,0.199491,
10.1,-4.25594,5.34468,-1.25805,0.00821906,-0.164833,-2.43041,0.199491,3.03098,5.31354,-0.31382,-0.0249048,-0.121721,-2.41666,0.199491,0.476014,4.80664,-0.682894,-0.0167687,-0.109515,-0.865339,0.199491,0.460517,6.9709,1.70376,0.00602536,-0.146924,-0.854501,0.199491,0.273895,5.14059,1.77204,-1.57952,-0.0635377,0.110951,0.199645,-0.283497,7.47545,-1.38475,-1.58585,-0.0676845,0.141442,0.199491,
10.2,-4.21428,5.35138,-1.26482,-0.0193138,-0.190566,-2.42767,0.199491,3.01695,5.32911,-0.333712,-0.0212514,-0.122606,-2.42182,0.199491,0.486472,4.80885,-0.678106,-0.0710681,-0.0642238,-0.85999,0.199491,0.500431,6.94734,1.64069,0.0132999,-0.149409,-0.857648,0.199491,0.299072,5.18265,1.73989,-1.57345,-0.0642773,0.106593,0.199645,-0.267826,7.46945,-1.38181,-1.58686,-0.0734682,0.141537,0.199491,
10.3,-4.22274,5.34962,-1.26635,0.0213934,-0.144785,-2.43392,0.199491,3.01695,5.32911,-0.333712,-0.0212517,-0.122606,-2.42182,0.199491,0.480639,4.80756,-0.679844,-0.0340804,-0.095607,-0.863301,0.199491,0.489227,6.95531,1.64736,0.0150516,-0.151297,-0.858606,0.199491,0.291183,5.17778,1.74242,-1.57381,-0.0629487,0.107546,0.199645,-0.274393,7.47098,-1.38497,-1.58727,-0.0792834,0.141372,0.199491,
10.4,-4.2216,5.37261,-1.20826,-0.000105655,-0.160567,-2.42888,0.199491,3.00204,5.40758,-0.331379,-0.0212484,-0.122609,-2.42182,0.199491,0.456572,4.83082,-0.658565,-0.0334574,-0.0905947,-0.857298,0.199491,0.486542,7.00965,1.65865,0.0382605,-0.162273,-0.866714,0.199491,0.283033,5.23608,1.76423,-1.56656,-0.072052,0.10048,0.199645,-0.290693,7.51661,-1.34105,-1.57753,-0.0584311,0.133559,0.199491,
10.5,-4.33411,5.29272,-0.994755,0.0442013,-0.0998777,-2.41839,0.199491,2.98137,5.53302,-0.343719,-0.0212497,-0.122608,-2.42182,0.199491,0.333516,4.8544,-0.636931,-0.154984,0.0621805,-0.853635,0.199491,0.363842,7.16547,1.80381,0.038419,-0.117805,-0.878808,0.199491,0.229062,5.22459,1.88547,-1.54155,-0.0537212,0.0797694,0.199645,-0.455111,7.57306,-1.261,-1.54464,-0.0463523,0.094693,0.199491,
10.6,-4.43538,5.29186,-0.920403,0.0137778,-0.111546,-2.41144,0.199491,2.97447,5.59598,-0.374038,-0.0212513,-0.122607,-2.42181,0.199491,0.28801,4.85983,-0.643965,-0.035814,-0.019844,-0.851738,0.199491,0.335223,7.2205,1.82512,0.0390705,-0.0974209,-0.87783,0.199491,0.225606,5.2543,1.90446,-1.53403,-0.0567275,0.0677675,0.199645,-0.530809,7.61858,-1.24353,-1.53383,-0.00728773,0.078538,0.199491,
10.7,-4.40046,5.27969,-0.873253,0.0074262,-0.110109,-2.40954,0.199491,2.9675,5.67459,-0.419757,-0.0212484,-0.122609,-2.42182,0.199491,0.303081,4.87615,-0.648134,-0.105522,0.0606595,-0.850074,0.199491,0.425259,7.22309,1.76276,0.0419859,-0.0664404,-0.873821,0.199491,0.333423,5.33394,1.86182,-1.51345,-0.0777793,0.0460169,0.199645,-0.536567,7.63958,-1.22831,-1.5346,-0.198982,0.0670605,0.199491,
10.8,-4.249,5.23934,-0.582084,-0.0772497,-0.174235,-2.38422,0.199491,2.93806,5.89751,-0.443541,-0.0212515,-0.122606,-2.42182,0.199491,0.275593,4.94756,-0.557319,-0.0461153,0.0506229,-0.830418,0.199491,0.393446,7.39188,1.85505,0.0192835,-0.0183147,-0.894923,0.199491,0.288579,5.42049,1.97784,-1.48229,-0.0450828,0.0194541,0.199645,-0.555565,7.71303,-1.04692,-1.49362,-0.141519,0.0228987,0.199491,
10.9,-4.25965,5.10838,-0.14911,0.0555436,0.0280099,-2.35797,0.199491,2.90831,6.18162,-0.479522,-0.0212486,-0.122609,-2.42182,0.199491,0.236605,5.02743,-0.44392,0.138598,-0.000166133,-0.810182,0.199491,0.362133,7.58849,2.01852,0.102395,0.0196981,-0.908314,0.199491,0.398223,5.4929,2.13666,-1.4183,-0.0928534,-0.0384897,0.199645,-0.742855,7.81158,-0.794221,-1.42218,-0.184583,-0.0600418,0.199491,
11,-4.28986,5.08371,0.252686,0.260029,0.232328,-2.32274,0.199491,2.89679,6.44216,-0.577392,-0.0212495,-0.122608,-2.42182,0.199491,0.167887,5.07445,-0.373694,0.165019,0.0909899,-0.813005,0.199491,0.310547,7.81881,2.16257,0.21964,0.031004,-0.900768,0.199491,0.510871,5.62369,2.25806,-1.39061,0.0777331,-0.0974862,0.199645,-0.978053,7.93871,-0.665157,-1.37669,-0.0608142,-0.134615,0.199491,
11.1,-4.3089,5.1345,0.386854,0.166758,0.135561,-2.35706,0.199491,2.89299,6.69008,-0.672741,-0.0212503,-0.122607,-2.42182,0.199491,0.199295,5.25472,-0.398554,0.100864,0.207848,-0.827292,0.199491,0.351035,8.01515,2.15303,0.163412,0.133469,-0.900442,0.199491,0.62481,5.83354,2.23978,-1.33706,-0.155779,-0.131593,0.199645,-1.06688,8.08672,-0.676053,-1.36519,0.0421647,-0.158827,0.199491,
11.2,-4.1669,5.20552,0.422117,0.0447528,0.0350363,-2.38243,0.199491,2.89679,6.90837,-0.766789,-0.0212499,-0.122608,-2.42182,0.199491,0.317432,5.48701,-0.414829,0.328935,0.0141813,-0.798851,0.199491,0.475353,8.15415,2.04004,0.169535,0.148769,-0.908275,0.199491,0.725307,6.04145,2.16739,-1.30744,-0.204461,-0.153554,0.199645,-0.953551,8.21521,-0.687494,-1.35013,0.0397457,-0.170219,0.199491,
11.3,-4.02487,5.15265,0.54089,0.189487,0.196476,-2.35169,0.199491,2.90601,7.10836,-0.859176,-0.0212436,-0.122613,-2.42182,0.199491,0.413207,5.57761,-0.427342,0.242501,0.163625,-0.791258,0.199491,0.562555,8.24794,2.00743,0.188895,0.19288,-0.910751,0.199491,0.876591,6.13675,2.14603,-1.27281,-0.138241,-0.182971,0.199645,-0.948789,8.26457,-0.627779,-1.27272,-0.168398,-0.206841,0.199491,
11.4,-3.96346,5.17946,0.693537,0.114698,0.135043,-2.3701,0.199491,2.92205,7.30462,-0.963904,-0.0212479,-0.122609,-2.42182,0.199491,0.424355,5.68303,-0.437521,0.26106,0.201806,-0.79099,0.199491,0.579339,8.44842,2.02575,0.160718,0.261622,-0.921685,0.199491,0.972523,6.27438,2.14375,-1.28966,0.0591516,-0.212325,0.199645,-1.00814,8.38083,-0.614113,-1.22583,-0.228481,-0.245359,0.199491,
11.5,-3.92387,5.22358,0.928448,0.202647,0.211582,-2.3705,0.199491,2.95126,7.61835,-1.09846,-0.0212451,-0.122612,-2.42182,0.199491,0.497431,5.86807,-0.480663,0.175787,0.368306,-0.832867,0.199491,0.668981,8.70842,2.02354,0.262957,0.274455,-0.887599,0.199491,1.17379,6.55289,2.11006,-1.25363,0.0553675,-0.260053,0.199645,-1.10883,8.5626,-0.608605,-1.21513,-0.0920568,-0.282671,0.199491,
11.6,-3.70165,5.27718,1.19324,0.4281,0.422314,-2.31058,0.199491,2.99868,7.99859,-1.2466,-0.0212436,-0.122613,-2.42182,0.199491,0.636826,6.11427,-0.513841,0.431876,0.229519,-0.757645,0.199491,0.797213,9.04005,2.05764,0.48261,0.185113,-0.839445,0.199491,1.4416,6.86125,2.08986,-1.16936,-0.0663543,-0.312817,0.199645,-1.09759,8.75324,-0.548983,-1.17701,-0.0256593,-0.336706,0.199491,
11.7,-3.12488,5.33396,1.83377,0.313529,0.286171,-2.38944,0.199491,3.07993,8.57971,-1.37103,-0.0212458,-0.122611,-2.42182,0.199491,0.995943,6.56596,-0.406892,0.333043,0.531563,-0.822353,0.199491,1.21904,9.45129,2.06745,0.492337,0.389134,-0.795223,0.199491,2.00957,7.50066,2.0552,-1.11645,0.0593858,-0.427543,0.199645,-1.05973,8.98308,-0.283596,-1.10801,0.0393117,-0.425065,0.199491,
11.8,-2.29392,5.24878,2.10672,0.540416,0.510918,-2.25527,0.199491,3.12514,8.8131,-1.43319,-0.0212487,-0.122608,-2.42181,0.199491,1.37786,6.7198,-0.246207,0.45971,0.57941,-0.753808,0.199491,1.5512,9.51855,2.06317,0.52204,0.503763,-0.796527,0.199491,2.45835,7.62819,2.02477,-1.02124,0.0696309,-0.494748,0.199645,-0.735343,8.92595,0.0414912,-1.04264,0.0873777,-0.511895,0.199491,
11.9,-2.01858,5.29995,2.13028,0.633298,0.594571,-2.20336,0.199491,3.15934,8.99466,-1.45966,-0.0212463,-0.12261,-2.42181,0.199491,1.52226,6.89329,-0.247806,0.573716,0.487906,-0.687978,0.199491,1.65716,9.70149,2.05909,0.440114,0.580434,-0.855161,0.199491,2.57907,7.75124,2.02426,-1.00091,0.0818291,-0.506412,0.199645,-0.561168,9.06005,0.05175,-0.975483,0.0117462,-0.52136,0.199491,
12,-2.31591,5.40348,2.5973,0.518359,0.444515,-2.32679,0.199491,3.18189,9.25281,-1.35623,-0.0212519,-0.122605,-2.42182,0.199491,1.45441,7.14281,-0.144385,0.663706,0.479177,-0.689319,0.199491,1.67145,9.99347,2.26724,0.496809,0.634222,-0.77773,0.199491,2.65389,8.22788,2.07647,-1.0094,0.0876617,-0.53904,0.199645,-0.915848,9.22498,0.187971,-0.987553,0.0507048,-0.525515,0.199491,
12.1,-1.87287,5.44693,2.75931,0.418095,0.460748,-2.31883,0.199491,3.19488,9.41472,-1.26756,-0.0212506,-0.122606,-2.42181,0.199491,1.53944,7.04636,0.0380361,0.544883,0.603737,-0.701603,0.199491,1.66828,10.1605,2.56132,0.552199,0.567292,-0.808414,0.199491,2.78299,8.05213,2.41806,-0.936133,0.02152,-0.539411,0.199645,-0.642379,9.31948,0.46588,-0.935333,0.0294244,-0.570946,0.199491,
12.2,-1.40476,5.67941,3.23495,0.617835,0.539359,-2.27114,0.199491,3.26795,9.85178,-1.13761,-0.0212511,-0.122606,-2.42181,0.199491,1.84912,7.57816,0.235622,0.777463,0.515301,-0.6073,0.199491,2.05017,10.5007,2.57833,0.685019,0.620657,-0.695415,0.199491,3.1271,8.73651,2.39489,-0.931417,0.128982,-0.618708,0.199645,-0.54011,9.5467,0.776396,-0.935262,0.127116,-0.607837,0.199491,
12.3,-0.609034,5.76759,3.522,0.728598,0.602746,-2.21118,0.199491,3.34279,10.1596,-1.10101,-0.0212486,-0.122608,-2.42181,0.199491,2.23764,7.8691,0.35239,0.621505,0.832392,-0.70966,0.199491,2.4044,10.7567,2.64577,0.709999,0.743333,-0.696713,0.199491,3.56799,9.07269,2.40468,-0.851439,0.150534,-0.676381,0.199645,-0.190325,9.62853,1.04183,-0.857752,0.14737,-0.663696,0.199491,
12.4,0.153991,5.69056,3.96376,0.820486,0.713361,-2.12211,0.199491,3.39558,10.3616,-1.06757,-0.02125,-0.122607,-2.42181,0.199491,2.58413,7.88492,0.518127,0.955444,0.661758,-0.475412,0.199491,2.68022,10.9853,2.90219,0.950913,0.659536,-0.560384,0.199491,4.04312,9.20742,2.51523,-0.785428,0.198501,-0.73514,0.199645,0.0960815,9.62213,1.4424,-0.798877,0.196347,-0.746785,0.199491,
12.5,0.852306,5.63935,4.31841,1.03963,0.765014,-2.01242,0.199491,3.43735,10.5029,-1.05546,-0.0212502,-0.122606,-2.42181,0.199491,2.89925,8.08129,0.561543,0.971068,0.904216,-0.495694,0.199491,3.03281,11.0979,2.83442,1.10569,0.709846,-0.421499,0.199491,4.36101,9.58856,2.35181,-0.730585,0.253467,-0.812205,0.199645,0.302816,9.51146,1.70385,-0.764523,0.264456,-0.80165,0.199491,
12.6,1.63298,5.81063,4.25355,1.10444,0.819609,-1.93037,0.199491,3.47738,10.6316,-1.04479,-0.0212515,-0.122605,-2.42181,0.199491,3.2397,8.23873,0.602594,1.14528,0.807062,-0.343004,0.199491,3.29846,11.2189,2.80759,1.11842,0.824606,-0.443601,0.199491,4.71968,9.68506,2.33029,-0.710358,0.326219,-0.855214,0.199645,0.779493,9.59918,1.83576,-0.713012,0.298932,-0.85315,0.199491,
12.7,1.95561,5.67532,4.62181,1.23744,0.822489,-1.87239,0.199491,3.50919,10.7138,-1.06503,-0.0212495,-0.122606,-2.42181,0.199491,3.36728,8.23805,0.610418,1.24013,0.86561,-0.302034,0.199491,3.45673,11.3516,2.89816,1.26373,0.809788,-0.307967,0.199491,4.8774,9.92436,2.24786,-0.678193,0.342429,-0.897251,0.199645,0.762002,9.46086,2.04071,-0.677822,0.32231,-0.877279,0.199491,
12.8,2.16545,5.88006,4.31029,1.10848,0.824035,-1.9287,0.199491,3.5262,10.7539,-1.0808,-0.0212503,-0.122606,-2.42181,0.199491,3.48162,8.36818,0.574627,1.27485,0.73719,-0.250463,0.199491,3.51572,11.3628,2.77119,1.23965,0.802251,-0.356273,0.199491,4.97557,9.8798,2.22065,-0.676508,0.363863,-0.893145,0.199645,1.0257,9.6184,1.93273,-0.67654,0.331805,-0.888355,0.199491,
12.9,1.97992,5.58878,4.51439,1.40185,0.843479,-1.77169,0.199491,3.46985,10.5165,-1.13114,0.70528,0.586509,-2.24871,0.199491,3.34764,8.17289,0.59601,1.24081,0.900356,-0.323794,0.199491,3.41668,11.0644,2.66008,1.28332,0.814215,-0.293915,0.199491,4.78818,9.85194,2.11892,-0.650478,0.318033,-0.895297,0.199645,0.763742,9.26821,1.944,-0.655081,0.313554,-0.882276,0.199491,
13,1.90781,5.04472,4.37688,1.23109,0.715009,-1.92471,0.199491,3.22932,9.28822,-1.13694,1.23077,0.866457,-1.91208,0.199491,3.11222,6.97122,0.753076,1.18964,0.969368,-0.362513,0.199491,3.20697,10.0096,2.73517,1.21362,0.942631,-0.380498,0.199491,4.60828,8.76019,2.2228,-0.696778,0.296434,-0.943419,0.199645,0.650099,8.1349,1.95684,-0.643677,0.30663,-0.924024,0.199491,
13.1,1.76719,4.77164,4.49207,1.28504,0.647937,-1.90794,0.199491,2.81455,7.87417,-0.982298,1.14113,0.957051,-1.89089,0.199491,2.52258,5.64088,1.16319,1.05188,0.99827,-0.351271,0.199491,3.06691,8.88364,2.98411,1.11694,0.947199,-0.425068,0.199491,4.3752,7.36446,2.56902,-0.776428,0.207589,-1.00588,0.199645,0.549077,7.18863,2.08713,-0.708045,0.312481,-1.00254,0.199491,
13.2,1.65551,4.52546,4.65302,1.30364,0.585495,-1.89935,0.199491,2.56067,8.74461,-0.401092,1.03039,0.790781,-1.89521,0.199491,2.25656,6.29022,1.35215,1.1268,0.797358,-0.199068,0.199491,2.95037,9.14146,3.56979,1.16841,0.79237,-0.3375,0.199491,4.21557,7.62447,3.06587,-0.750934,0.311896,-0.90931,0.199645,0.397781,7.68145,2.45246,-0.695247,0.409026,-0.863935,0.199491,
13.3,1.68957,4.14783,4.75776,1.37037,0.510348,-1.82047,0.199491,2.76368,10.3607,0.566345,1.38667,0.575555,-1.77923,0.199491,2.76152,7.49225,1.65499,1.39129,0.473817,-0.195445,0.199491,2.72844,9.88047,4.57663,1.39423,0.508721,-0.230719,0.199491,4.23459,8.85704,3.66461,-0.518642,0.445496,-0.664354,0.199645,0.179761,8.15568,3.20577,-0.480203,0.447594,-0.637379,0.199491,
13.4,2.15442,3.72469,4.65161,1.45383,0.372328,-1.81587,0.199491,2.65432,10.9607,1.76666,1.48675,0.369108,-1.81744,0.199491,3.01077,7.92822,2.27344,1.53072,0.212335,-0.222913,0.199491,2.48722,9.68125,5.60783,1.4965,0.348581,-0.257727,0.199491,4.18557,9.03773,4.55758,-0.29531,0.50261,-0.431991,0.199645,0.212987,7.95785,3.82404,-0.304628,0.539331,-0.442808,0.199491,
13.5,2.75016,2.79724,4.46386,1.51531,0.198166,-1.84139,0.199491,2.40454,10.4087,3.02539,1.55464,0.163245,-1.87274,0.199491,3.16901,7.35289,2.96773,1.60114,0.139981,-0.266742,0.199491,2.23027,8.36564,6.61347,1.62537,0.0539219,-0.330352,0.199491,4.1569,8.07665,5.51521,-0.0633254,0.488099,-0.199705,0.199645,0.332725,6.8562,4.37205,-0.0628781,0.514314,-0.222541,0.199491,
13.6,2.38499,2.48148,4.45867,1.32052,0.0833217,-1.84595,0.199491,2.62294,9.59899,4.21533,1.20805,-0.0835934,-1.93372,0.199491,3.19519,6.67736,3.88446,1.46958,-0.0148456,-0.300991,0.199491,2.06742,7.20954,7.27861,1.44141,0.0187756,-0.463731,0.199491,4.05148,6.71642,6.41144,-0.0718302,0.569811,-0.0171659,0.199645,0.487723,6.4938,5.01666,-0.041317,0.113734,-0.0626046,0.199491,
13.7,1.70395,1.85155,4.8783,1.52519,0.0063404,-1.93975,0.199491,3.79069,9.22911,5.42377,1.25009,-0.0934264,-1.92816,0.199491,3.56244,6.39464,4.74629,1.29652,-0.0705496,-0.368512,0.199491,2.66712,6.76587,8.12254,1.33326,-0.169734,-0.351149,0.199491,4.27739,6.32928,7.29581,-0.254526,0.28419,0.0739504,0.199645,0.573527,6.32953,5.6127,-0.245344,0.384051,0.0846308,0.199491,
13.8,1.61971,2.27127,4.91138,1.25198,-0.150707,-1.90453,0.199491,4.64369,9.39785,6.27493,1.29755,-0.138896,-1.91336,0.199491,4.0964,6.57867,5.18906,1.17212,-0.192598,-0.320092,0.199491,3.148,6.67424,8.82594,1.14985,-0.127305,-0.323846,0.199491,4.8173,6.08247,7.83352,-0.332877,0.389363,0.188687,0.199645,1.05611,6.831,6.15843,-0.28226,0.56903,0.213888,0.199491,
13.9,1.54722,2.8043,4.83002,1.17925,-0.24244,-1.87195,0.199491,5.46403,8.98634,7.03007,0.884885,-0.325509,-1.80055,0.199491,4.55238,6.51519,5.69903,0.996226,-0.276902,-0.257819,0.199491,3.6211,6.31678,9.13953,1.0275,-0.392855,-0.279621,0.199491,5.12643,5.60227,8.13291,-0.390465,0.517395,0.340515,0.199645,1.64978,7.07329,6.65429,-0.421521,0.438861,0.327288,0.199491,
14,1.63473,2.98211,4.94246,0.767099,-0.396217,-1.74194,0.199491,6.52839,8.32558,7.8235,0.807865,-0.389402,-1.75618,0.199491,5.22353,6.17484,6.18334,0.838029,-0.413277,-0.201365,0.199491,4.23246,5.71738,9.64853,0.824904,-0.362014,-0.181285,0.199491,5.65012,4.96763,8.54734,-0.455984,0.62112,0.478505,0.199645,2.36887,7.06267,7.22409,-0.506088,0.519902,0.447703,0.199491,
14.1,2.0834,3.56305,5.21142,0.630729,-0.424782,-1.72427,0.199491,7.51653,7.80647,8.57899,0.740466,-0.456848,-1.80463,0.199491,6.00579,5.92303,6.69401,0.639364,-0.453825,-0.167035,0.199491,4.83217,5.67086,9.99289,0.672758,-0.526183,-0.169401,0.199491,6.02424,4.38456,9.04023,-0.681257,0.433142,0.51375,0.199645,3.32338,7.28478,7.79524,-0.623262,0.520715,0.527702,0.199491,
14.2,2.73361,3.64985,5.64776,0.365091,-0.512424,-1.7388,0.199491,7.91733,7.51637,8.64122,0.658799,-0.415586,-1.87557,0.199491,6.49213,5.83454,7.35835,0.607467,-0.346147,-0.278966,0.199491,5.39413,5.79572,10.1535,0.666724,-0.524,-0.308358,0.199491,6.35432,4.66716,9.41291,-0.679731,0.451352,0.467528,0.199645,4.06673,7.22594,7.83252,-0.773538,0.343598,0.472436,0.199491,
14.3,3.00338,3.0773,5.79369,0.45025,-0.521667,-1.86471,0.199491,8.45933,7.603,8.70764,0.618467,-0.410778,-1.91616,0.199491,6.86997,5.62226,7.15462,0.677519,-0.396922,-0.377142,0.199491,5.38868,5.70793,10.5573,0.71305,-0.488647,-0.405773,0.199491,6.75689,4.4421,9.67101,-0.722459,0.41837,0.42552,0.199645,4.29899,7.14022,7.65697,-0.747561,0.289811,0.424917,0.199491,
14.4,2.97797,2.99273,5.52189,0.726668,-0.417423,-1.98203,0.199491,8.33213,7.63157,8.67316,0.670098,-0.438534,-1.96406,0.199491,6.89025,5.56166,7.05753,0.791176,-0.575344,-0.445355,0.199491,5.29524,5.75158,10.3476,0.713926,-0.429306,-0.417822,0.199491,6.67818,4.55635,9.58326,-0.744063,0.256525,0.433361,0.199645,4.18469,7.09107,7.49795,-0.691191,0.347931,0.45174,0.199491,
14.5,2.91508,2.9175,5.57739,0.60917,-0.438953,-1.94129,0.199491,8.28853,7.56558,8.50222,0.74965,-0.380436,-1.9967,0.199491,6.82572,5.51693,7.01775,0.724155,-0.411383,-0.419828,0.199491,5.37322,5.76831,10.2033,0.754899,-0.478696,-0.420464,0.199491,6.66657,4.61015,9.48818,-0.565824,0.605747,0.482015,0.199645,4.14919,7.02427,7.43566,-0.723377,0.307199,0.417955,0.199491,
14.6,2.99226,3.00642,5.57149,0.863381,-0.316726,-2.04169,0.199491,8.38638,7.46904,8.30698,0.6825,-0.370254,-1.97413,0.199491,6.88049,5.53905,6.99176,0.696821,-0.376065,-0.418208,0.199491,5.55912,5.7884,10.0746,0.697299,-0.392593,-0.406163,0.199491,6.75143,4.58177,9.3739,-0.744737,0.324329,0.384215,0.199645,4.3153,7.02642,7.35067,-0.741922,0.337246,0.405418,0.199491,
14.7,3.01642,2.9987,5.54623,0.771071,-0.336088,-2.03059,0.199491,8.44679,7.43329,8.11117,0.670076,-0.348478,-1.99001,0.199491,6.92084,5.51528,6.89495,0.682015,-0.335359,-0.433556,0.199491,5.64136,5.84844,9.93946,0.679236,-0.347777,-0.422564,0.199491,6.79653,4.59616,9.26621,-0.758897,0.319349,0.358585,0.199645,4.39731,7.0213,7.20482,-0.774189,0.298536,0.377854,0.199491,
14.8,3.00333,2.85751,5.46134,0.608497,-0.389283,-2.01227,0.199491,8.49602,7.44587,7.89338,0.679539,-0.329423,-2.03364,0.199491,6.951,5.43004,6.69702,0.702799,-0.332119,-0.479919,0.199491,5.60043,5.92853,9.7944,0.731323,-0.398636,-0.481231,0.199491,6.80504,4.63704,9.16496,-0.770246,0.294391,0.333776,0.199645,4.39859,6.99322,6.94736,-0.751968,0.34119,0.357649,0.199491,
14.9,2.98263,2.62942,5.36058,0.721897,-0.309354,-2.10193,0.199491,8.49653,7.46236,7.586,0.721039,-0.296657,-2.10456,0.199491,6.96341,5.27462,6.42469,0.739706,-0.321608,-0.544046,0.199491,5.52259,6.03627,9.54203,0.708443,-0.272414,-0.523767,0.199491,6.77266,4.74047,9.01755,-0.782067,0.222246,0.29693,0.199645,4.34546,6.90489,6.59102,-0.788196,0.192347,0.306157,0.199491,
